20 8 90 500
10
12
9
6
15
3
4
17
1 14 92
12 13 40
3 13 71
7 9 178
4 7 193
7 10 89
2 11 161
3 12 197
11 19 197
5 8 119
1 8 142
5 17 154
5 14 59
13 15 109
3 18 169
17 20 196
5 15 164
4 15 12
6 17 38
1 20 71
3 6 11
17 19 144
10 14 0
16 17 24
1 7 98
9 10 55
9 15 7
3 7 77
3 4 128
15 18 139
2 7 124
12 15 38
16 20 164
9 12 23
12 19 86
6 9 113
1 13 136
4 18 78
5 19 96
6 20 124
1 9 39
2 17 121
14 19 99
7 14 138
4 13 170
15 19 31
13 14 115
8 13 70
9 17 26
11 16 147
7 17 164
3 15 156
8 14 147
8 17 188
19 20 102
2 19 177
10 18 21
2 16 108
9 14 1
5 16 145
11 14 48
9 19 180
6 18 36
14 18 136
5 13 170
1 12 64
3 14 62
7 20 136
17 18 100
3 10 72
4 9 116
10 19 25
4 19 190
4 6 139
8 20 153
5 7 124
1 5 167
5 18 194
12 16 100
1 2 197
4 20 177
3 5 49
12 17 99
10 15 81
1 19 46
6 8 109
7 18 27
12 18 193
13 18 44
1 3 37
