100 5 200 200
1
97
50
27
95
1 2 6
1 3 19
1 4 1
1 5 18
1 6 6
1 7 9
1 8 19
1 9 14
1 10 15
1 11 7
1 12 3
1 13 13
1 14 7
1 15 15
1 16 5
1 17 0
1 18 5
1 19 13
1 20 4
1 21 0
1 22 14
1 23 1
1 24 11
1 25 15
1 26 9
1 27 9
1 28 13
1 29 6
1 30 16
1 31 8
1 32 3
1 33 6
1 34 9
1 35 7
1 36 12
1 37 14
1 38 16
1 39 14
1 40 10
1 41 13
1 42 19
1 43 6
1 44 13
1 45 16
1 46 17
1 47 18
1 48 18
1 49 20
1 50 7
1 51 17
1 52 4
1 53 20
1 54 11
1 55 13
1 56 16
1 57 14
1 58 0
1 59 17
1 60 16
1 61 10
1 62 7
1 63 20
1 64 4
1 65 11
1 66 13
1 67 9
1 68 16
1 69 14
1 70 16
1 71 14
1 72 5
1 73 11
1 74 17
1 75 15
1 76 20
1 77 6
1 78 16
1 79 15
1 80 15
1 81 6
1 82 20
1 83 1
1 84 18
1 85 20
1 86 4
1 87 11
1 88 17
1 89 6
1 90 6
1 91 15
1 92 7
1 93 16
1 94 9
1 95 6
1 96 3
1 97 5
1 98 1
1 99 20
1 100 5
5 94 13
84 90 7
3 43 14
48 52 6
64 76 6
22 93 0
7 10 10
21 28 7
12 83 4
15 61 13
48 70 17
8 35 5
37 54 8
78 94 12
11 98 17
11 14 5
7 64 10
69 86 10
88 95 8
64 89 5
23 76 6
2 40 19
8 15 7
41 47 1
25 29 2
31 72 3
33 100 10
7 58 7
31 54 19
9 60 15
62 64 7
18 43 1
10 11 1
28 51 11
5 71 12
12 27 20
15 84 10
31 82 12
43 90 11
33 35 2
6 94 9
57 63 6
29 35 2
5 30 6
56 88 7
63 86 9
22 36 11
61 68 11
5 57 15
38 85 0
11 100 2
26 64 16
39 78 20
75 97 10
93 97 9
32 51 4
67 79 18
34 92 12
40 75 2
14 75 12
20 91 7
10 32 18
45 96 17
14 67 6
71 84 1
17 37 15
17 34 7
6 28 17
40 45 12
11 87 17
4 12 9
36 63 5
45 64 2
17 54 15
16 31 13
20 76 1
4 57 0
36 55 6
58 72 14
6 62 0
71 93 18
7 8 20
17 82 12
30 70 12
94 99 19
35 81 1
2 95 7
13 23 3
90 96 1
26 49 9
4 20 5
16 23 18
12 95 13
62 92 13
69 80 16
48 58 6
21 92 10
30 68 1
14 62 18
26 44 10
77 97 5
