100 5 400 400
48
86
49
60
84
10 92 5
53 55 0
50 99 17
50 59 11
62 87 5
37 64 19
4 85 12
55 80 19
18 85 16
45 94 9
40 53 1
34 68 9
97 100 6
19 39 9
19 25 12
23 95 11
41 43 9
73 97 3
4 64 14
29 78 13
36 89 10
2 95 4
58 61 7
43 51 4
10 32 4
10 86 19
55 98 3
47 100 12
69 97 2
11 99 2
28 98 10
31 44 11
28 78 16
13 34 7
17 31 6
5 28 0
53 66 9
57 95 12
39 54 7
9 15 7
72 88 7
78 98 10
12 82 18
17 37 1
25 65 5
24 53 18
38 41 10
10 43 6
1 70 17
17 68 16
14 43 20
35 66 19
22 40 9
26 29 10
13 53 16
10 41 1
24 39 19
32 87 5
26 91 9
75 85 0
26 53 6
24 55 0
17 97 8
66 74 8
17 75 17
35 69 4
59 75 17
20 38 10
73 76 19
53 69 18
67 81 13
86 88 16
11 50 3
2 27 5
14 79 5
39 74 12
10 61 18
34 94 1
58 79 7
28 69 0
8 32 18
10 23 12
17 44 1
5 55 9
2 88 5
68 73 16
28 67 10
71 98 0
21 75 19
56 88 11
71 91 4
33 84 20
47 71 17
39 73 4
5 67 1
13 25 12
32 83 20
17 24 15
40 45 1
15 17 2
47 99 18
32 77 7
9 89 13
4 89 2
50 85 5
45 67 17
22 65 17
29 73 4
45 47 6
35 93 16
29 94 3
14 41 7
61 83 0
1 9 13
43 87 5
21 81 14
23 90 5
16 51 15
64 65 16
63 72 1
27 58 10
8 72 14
15 94 19
4 37 13
53 59 16
15 24 11
88 90 0
33 46 20
12 73 9
32 33 5
44 67 6
31 94 20
8 20 10
57 84 19
97 98 12
55 66 2
29 70 8
29 99 10
83 92 5
37 66 5
13 81 17
11 31 16
57 90 19
7 90 19
64 100 14
41 49 8
19 36 18
31 65 0
1 39 3
51 96 1
11 70 6
6 71 13
13 17 7
56 79 0
42 93 9
5 76 7
35 42 19
30 31 18
16 38 13
12 36 5
61 88 2
76 82 15
20 86 13
86 90 13
15 64 8
65 71 19
21 97 9
54 59 16
18 75 4
66 89 10
38 92 13
9 25 16
10 57 13
27 56 9
6 89 2
61 63 4
3 87 4
4 21 20
13 76 11
4 34 5
9 44 7
44 66 12
92 95 10
6 78 1
22 93 10
17 29 11
30 69 5
45 76 3
15 25 9
13 40 11
5 45 6
20 23 17
82 97 12
9 69 0
29 30 0
16 96 10
27 38 1
15 78 4
82 85 20
9 70 11
37 78 19
47 70 16
14 38 2
32 62 19
41 79 11
30 94 10
51 92 20
26 97 1
59 73 5
27 63 9
42 59 18
9 85 7
37 68 13
44 71 14
45 99 17
13 39 7
20 83 18
54 94 18
49 72 13
44 69 1
67 97 9
72 92 19
27 48 5
53 64 4
74 75 18
4 35 17
79 83 14
9 55 7
21 70 6
5 47 16
2 72 20
30 37 14
91 97 11
4 36 2
36 42 3
35 53 19
74 85 1
28 85 16
12 80 0
59 85 4
3 96 2
32 63 12
6 24 8
60 72 20
30 66 7
48 63 14
66 71 4
90 95 13
50 78 18
1 28 3
33 92 2
4 80 12
1 93 15
25 74 12
18 36 3
28 93 14
1 47 13
66 91 0
30 80 17
27 79 15
36 78 8
7 10 17
3 23 15
26 68 1
3 46 19
50 55 0
39 47 2
64 78 3
42 66 19
8 16 16
17 76 8
26 28 11
16 88 15
82 91 0
24 67 20
10 84 6
14 88 5
74 76 1
44 76 8
40 81 0
11 74 8
50 100 1
7 86 0
19 81 8
41 60 12
11 21 2
34 76 13
7 95 2
24 47 1
8 38 16
7 96 17
15 53 0
15 44 3
23 51 6
15 31 5
39 89 4
68 94 8
6 45 15
25 59 0
19 64 1
79 87 15
6 54 11
26 89 9
9 66 11
37 82 17
8 87 10
1 24 8
11 78 19
68 89 9
41 46 2
18 99 17
55 99 4
37 81 12
75 76 6
21 65 11
15 39 8
9 28 10
45 81 19
4 66 5
73 80 17
1 100 16
15 85 4
68 91 1
46 86 17
3 95 5
52 55 1
6 69 7
43 49 10
52 66 8
36 97 10
10 46 19
64 89 20
54 97 15
2 86 0
34 37 6
60 92 10
45 91 5
17 30 13
5 25 20
76 94 17
35 71 8
5 6 18
52 100 20
1 74 5
51 88 8
39 69 0
16 92 6
64 66 15
18 30 17
53 97 6
54 81 6
24 42 4
41 83 11
41 56 20
9 12 13
27 41 13
48 87 0
44 59 19
55 82 2
6 94 13
46 49 19
1 66 9
6 80 5
65 74 6
62 86 0
21 44 20
35 81 1
83 90 12
25 71 15
63 83 9
23 48 6
11 100 18
44 80 16
11 75 8
4 15 0
34 85 13
18 26 19
24 99 6
12 15 12
43 95 3
73 75 17
7 41 11
40 55 5
4 19 12
82 99 13
35 100 18
31 97 12
29 68 20
49 83 8
30 54 8
26 37 13
37 71 20
4 93 12
44 73 0
83 95 7
13 99 6
30 74 14
45 71 7
48 72 13
12 100 12
