120 5 800 800
111
80
20
23
58
58 20 18
20 80 28
80 111 11
111 23 28
23 34 24
34 101 24
101 46 6
46 97 17
97 82 22
82 88 27
88 50 17
50 103 23
103 100 5
100 112 24
112 86 6
86 104 1
104 81 3
81 113 23
113 36 30
36 44 13
44 65 17
65 33 26
33 18 30
18 90 11
90 35 28
35 114 17
114 25 0
25 26 3
26 51 4
51 48 26
48 7 18
7 52 18
52 115 1
115 22 30
22 37 7
37 32 14
32 54 20
54 70 22
70 107 9
107 47 25
47 67 2
67 95 20
95 74 11
74 89 2
89 15 16
15 6 3
6 79 16
79 2 29
2 63 21
63 14 7
14 64 30
64 109 19
109 91 3
91 21 15
21 30 14
30 57 30
57 45 28
45 93 23
93 3 16
3 19 19
19 110 14
110 28 19
28 99 8
99 13 29
13 27 17
27 73 1
73 16 4
16 105 13
105 102 12
102 87 4
87 38 26
38 53 19
53 43 21
43 76 3
76 29 3
29 96 4
96 84 23
84 62 7
62 94 10
94 85 20
85 119 30
119 55 24
55 31 13
31 4 26
4 41 4
41 5 17
5 83 26
83 92 10
92 39 27
39 71 7
71 77 21
77 1 9
1 56 4
56 108 16
108 118 21
118 98 13
98 61 30
61 42 18
42 120 6
120 10 8
10 78 28
78 75 21
75 106 30
106 69 8
69 24 24
24 116 12
116 40 3
40 11 25
11 49 26
49 9 5
9 59 26
59 60 13
60 8 7
8 66 12
66 12 10
12 68 29
68 17 18
17 117 5
117 72 13
40 65 23
21 115 18
22 102 27
47 114 9
27 44 19
39 91 8
51 54 9
63 117 7
38 76 8
40 74 26
19 46 22
74 82 14
14 108 1
90 94 26
4 117 10
3 11 16
44 112 26
53 74 12
24 77 6
27 40 26
54 62 30
19 58 26
11 44 18
4 106 0
73 103 2
89 102 21
19 72 14
20 60 8
91 102 9
44 57 28
61 69 14
8 30 27
79 107 27
34 68 29
7 54 28
76 107 29
1 78 3
79 83 23
13 33 12
6 74 12
6 78 10
56 81 11
36 63 11
31 33 22
32 40 1
33 90 14
76 95 28
28 41 9
95 106 3
15 29 23
35 41 16
40 112 9
35 88 20
34 107 2
27 55 1
67 113 8
45 59 27
26 79 23
55 94 22
33 117 12
39 115 26
36 74 18
17 118 26
4 31 7
25 74 1
39 66 8
43 88 29
5 72 15
18 21 18
61 91 26
26 119 26
16 79 24
2 50 26
28 106 10
14 31 16
2 20 15
104 119 9
69 111 30
81 89 23
47 78 9
22 76 18
21 116 1
21 39 8
9 46 10
73 112 9
32 98 15
25 29 15
3 115 16
64 70 14
42 91 28
78 81 2
19 117 3
6 57 11
34 46 15
25 28 28
19 34 2
46 74 17
36 115 30
21 90 25
51 104 16
49 107 4
5 30 12
55 109 21
90 102 20
17 103 4
47 104 11
19 74 10
5 87 22
56 113 18
46 108 9
83 89 8
26 33 3
40 81 21
5 62 23
4 80 15
54 73 19
52 99 18
38 102 4
4 43 22
62 73 28
1 110 8
76 78 17
11 57 28
52 66 20
36 42 7
45 106 29
24 29 8
84 87 13
69 119 8
10 85 7
48 117 9
65 117 10
91 116 2
6 118 19
27 82 22
97 103 17
25 108 6
51 65 17
35 78 25
1 74 21
89 117 13
16 64 27
46 89 25
57 108 15
35 107 17
41 112 26
14 48 26
9 49 20
68 75 11
43 65 19
41 70 9
4 48 23
10 105 8
22 53 24
43 96 25
21 49 20
11 43 14
48 106 16
48 51 26
57 99 8
38 113 22
53 59 8
44 48 2
31 113 23
16 103 5
45 47 6
16 102 30
41 53 6
17 45 30
37 94 28
36 51 26
98 102 4
36 38 14
25 49 2
11 82 16
5 84 28
61 62 4
68 115 18
18 107 28
73 114 16
5 92 17
50 94 19
25 71 2
13 35 6
90 120 6
15 27 28
17 59 2
16 39 17
50 73 13
52 119 26
32 72 28
43 49 23
9 92 3
2 5 29
77 78 1
53 67 20
24 118 0
55 90 30
6 68 4
38 99 19
16 34 12
74 104 27
25 86 19
26 35 21
5 76 7
23 84 23
13 116 7
67 111 4
57 97 13
11 48 4
19 49 22
27 79 2
77 82 25
3 41 18
36 116 6
40 82 15
84 111 0
43 63 8
5 6 1
101 102 5
15 18 9
71 112 26
13 29 4
70 97 24
52 71 12
14 34 23
12 63 24
100 113 26
22 71 17
15 46 18
115 119 1
46 60 11
15 22 25
3 30 22
71 75 18
13 93 19
46 111 0
16 63 6
80 103 22
2 25 6
4 119 16
40 87 18
88 106 3
61 76 19
50 62 22
42 70 22
2 38 18
73 99 0
17 101 14
19 81 22
70 72 28
92 102 21
5 12 27
8 119 12
26 86 25
28 83 14
66 88 23
40 62 20
62 110 29
8 45 8
6 50 15
53 89 16
24 64 22
12 48 8
12 88 7
39 49 27
61 74 1
12 14 21
71 89 21
61 78 13
69 106 29
52 92 6
83 107 24
20 57 12
43 110 5
44 60 10
60 105 28
58 68 21
39 80 26
95 117 3
7 26 15
79 104 10
58 117 17
98 113 9
1 79 29
45 62 27
7 22 28
87 112 24
42 69 11
93 118 10
27 60 28
47 86 0
55 70 22
24 39 17
29 97 22
41 93 27
2 29 30
11 39 27
90 115 15
7 97 0
12 38 14
41 59 1
25 90 25
1 59 16
25 61 1
12 13 27
106 108 15
2 19 8
33 102 7
64 84 8
6 67 27
29 86 14
6 95 7
41 84 1
30 100 20
23 102 6
54 98 3
63 113 22
36 54 28
90 100 1
20 78 5
65 77 0
64 106 7
75 84 16
12 54 22
26 100 16
15 36 20
26 36 11
74 78 3
41 114 22
3 32 17
11 87 29
12 56 13
2 86 5
73 104 6
40 76 1
104 116 17
96 116 1
29 101 14
71 81 30
81 82 23
86 101 19
19 89 18
5 15 26
10 36 6
18 51 7
74 88 24
41 99 21
57 113 4
79 114 7
54 99 0
29 46 4
31 68 14
9 12 21
3 40 14
76 96 8
37 77 4
20 30 7
8 110 3
27 108 10
57 63 8
1 30 29
106 119 3
58 69 1
22 31 6
6 66 16
24 86 15
5 118 2
60 90 2
52 70 3
17 88 4
46 105 0
69 86 12
52 89 28
55 112 25
79 93 23
109 117 10
74 96 14
12 81 9
62 85 18
4 91 27
7 115 21
115 118 22
37 50 1
44 72 22
57 107 1
27 117 9
23 77 22
87 88 7
45 79 1
7 80 17
56 107 5
29 72 12
23 106 22
73 116 12
56 90 15
118 120 25
52 94 11
22 78 2
58 113 30
26 85 13
33 107 21
47 115 18
15 119 6
55 110 18
75 95 24
31 84 27
3 52 29
47 62 6
14 90 23
48 68 0
81 103 22
10 22 8
6 58 23
34 63 0
95 97 26
8 48 10
87 115 16
88 117 27
1 96 16
57 96 17
8 85 8
59 103 25
74 111 26
18 89 1
13 111 16
56 78 30
9 17 12
35 72 2
11 81 23
79 88 23
12 105 2
67 88 0
16 83 25
40 100 20
59 120 21
11 111 2
25 115 18
49 104 3
11 112 7
19 29 20
21 75 16
21 100 14
49 115 29
99 101 22
3 102 19
48 100 30
59 77 15
65 88 11
23 88 2
15 23 6
46 50 12
1 104 23
16 88 24
15 82 30
36 64 1
70 85 5
39 77 27
17 53 17
3 54 13
4 107 17
97 117 5
26 97 9
36 108 28
24 88 24
25 67 7
26 40 27
26 87 25
81 111 15
21 86 13
67 73 3
33 46 28
68 94 12
40 41 14
4 55 26
40 120 0
23 83 9
9 13 24
36 76 19
93 99 22
29 106 14
27 97 24
23 118 22
34 96 14
26 42 16
40 99 23
20 43 10
13 47 28
59 95 27
33 119 6
41 110 19
16 113 22
46 58 8
22 52 25
97 118 20
47 66 21
42 64 27
53 66 15
11 113 13
42 75 6
43 117 7
82 96 23
50 75 17
66 104 3
72 108 28
3 107 29
57 65 0
33 120 15
37 100 9
3 78 5
14 106 9
89 91 21
12 98 30
10 69 17
22 92 0
69 113 21
72 109 21
13 32 5
10 113 3
90 113 27
14 68 7
79 109 18
28 91 11
39 68 30
94 114 5
60 70 22
48 58 29
71 83 27
76 120 7
57 72 14
30 32 15
44 74 1
45 96 26
19 104 10
29 66 16
14 120 25
27 80 13
45 91 22
10 68 29
73 98 18
66 69 18
94 112 25
39 51 4
31 44 12
29 115 4
97 116 20
77 85 0
33 108 0
12 55 0
19 40 24
51 112 6
38 110 12
22 41 0
56 72 8
27 57 21
53 64 19
18 52 0
28 39 15
21 26 8
62 109 22
41 76 13
81 85 2
54 112 15
33 59 24
6 90 18
30 97 16
13 91 6
86 113 24
47 61 23
64 92 24
12 100 30
15 28 8
24 51 28
12 23 6
47 101 23
19 24 23
61 93 7
23 105 10
69 104 30
59 108 27
76 100 24
1 34 24
82 94 29
26 99 8
68 96 11
47 53 4
6 47 27
48 95 18
51 109 28
20 120 12
84 93 23
12 26 0
60 83 4
5 116 27
2 69 18
14 109 28
30 111 26
11 45 29
20 31 28
40 56 4
35 53 0
15 26 20
24 36 2
7 37 20
44 120 19
43 59 11
67 74 15
37 118 27
75 108 15
1 32 6
91 104 28
38 116 2
20 62 5
33 89 28
54 60 14
15 35 30
73 97 11
19 69 23
61 98 16
36 86 30
14 107 19
33 42 26
32 50 25
61 82 1
2 24 11
75 81 3
99 113 8
57 77 11
6 82 2
52 61 14
29 105 25
18 63 17
11 77 8
55 114 2
4 66 14
56 76 29
79 92 26
20 37 16
34 52 22
80 115 22
11 116 27
69 90 27
4 60 30
87 105 2
21 92 4
51 77 1
6 111 21
6 72 30
3 97 29
84 86 29
64 74 25
6 106 17
53 77 23
54 59 29
56 103 2
101 104 27
45 67 23
65 118 28
25 93 16
4 53 9
38 66 16
90 112 23
32 57 13
74 102 19
72 79 6
38 56 0
48 101 11
12 104 25
53 94 16
27 76 25
94 96 0
25 87 27
75 87 10
2 116 13
18 69 17
103 108 14
3 13 3
10 33 10
54 113 19
32 101 18
80 85 30
