140 6 1200 1200
99
71
40
15
122
29
15 99 36
99 29 34
29 71 6
71 122 2
122 40 0
40 127 30
127 10 37
10 69 33
69 83 37
83 89 16
89 51 37
51 11 40
11 105 1
105 85 29
85 19 28
19 108 8
108 58 12
58 28 27
28 56 16
56 73 10
73 60 26
60 119 20
119 134 14
134 136 39
136 98 0
98 64 35
64 77 16
77 54 19
54 137 32
137 114 18
114 65 29
65 46 30
46 25 0
25 26 40
26 32 14
32 2 35
2 38 13
38 90 31
90 48 11
48 23 6
23 42 23
42 41 32
41 9 23
9 34 20
34 107 14
107 21 10
21 52 22
52 68 10
68 91 15
91 94 26
94 57 25
57 20 15
20 140 12
140 33 32
33 93 35
93 44 16
44 139 11
139 7 6
7 75 8
75 31 14
31 135 29
135 78 40
78 76 25
76 74 7
74 117 27
117 112 34
112 18 34
18 66 38
66 88 27
88 61 5
61 8 39
8 27 10
27 12 9
12 79 20
79 110 18
110 113 32
113 43 22
43 124 19
124 129 3
129 37 40
37 14 35
14 70 14
70 102 34
102 133 31
133 3 12
3 1 36
1 80 2
80 35 31
35 72 20
72 81 23
81 36 34
36 16 24
16 13 25
13 128 37
128 116 22
116 4 13
4 82 8
82 39 22
39 45 19
45 17 8
17 96 10
96 126 22
126 115 8
115 49 5
49 87 40
87 55 35
55 120 38
120 138 22
138 62 2
62 6 33
6 121 0
121 67 9
67 101 2
101 92 37
92 47 17
47 104 6
104 86 34
86 123 26
123 97 6
97 118 1
118 95 4
95 103 28
103 22 4
22 53 29
53 106 3
106 50 7
50 5 8
5 30 12
30 131 27
131 24 1
24 130 15
130 132 1
132 63 40
63 100 27
100 59 30
59 111 2
111 109 3
109 84 1
84 125 33
40 83 26
116 137 11
4 77 10
104 133 12
29 69 17
48 119 27
61 69 32
77 84 14
33 115 0
58 74 8
21 39 7
30 56 19
37 75 22
4 118 3
8 74 35
10 41 6
34 87 26
38 133 9
112 128 32
131 136 32
104 128 28
34 77 5
54 62 24
49 95 40
96 123 24
117 140 29
116 135 10
35 74 27
32 101 3
13 21 16
2 70 12
40 118 21
47 106 26
80 120 32
38 50 11
79 119 2
26 35 34
8 43 14
91 135 22
36 135 19
65 119 16
96 120 30
34 65 10
8 56 13
4 58 37
89 100 20
10 12 29
116 131 28
125 132 16
35 47 34
25 120 2
8 42 20
16 118 27
74 132 1
1 68 33
64 109 34
35 121 12
1 11 16
82 135 8
83 111 18
51 52 25
17 30 12
25 90 8
18 56 19
21 111 3
74 131 22
92 107 4
9 35 32
122 140 31
33 130 38
134 140 38
1 109 24
38 138 20
23 109 3
69 81 10
5 12 28
56 64 31
37 101 9
56 120 27
5 127 26
3 40 7
20 101 15
58 108 36
53 56 4
62 132 27
49 136 26
88 123 6
8 64 39
36 37 7
85 109 31
12 40 33
73 103 33
19 25 31
64 113 16
5 14 29
3 115 38
129 134 9
91 101 19
75 115 31
107 128 32
101 123 3
88 119 34
62 131 6
3 36 4
87 94 33
70 113 11
85 125 5
73 139 33
90 104 17
32 42 34
33 139 35
25 95 26
3 133 38
97 126 36
30 68 33
19 40 35
74 83 5
8 115 16
99 100 19
40 42 27
41 124 12
4 11 2
107 117 40
30 133 3
41 63 31
59 66 31
35 134 28
20 63 10
119 120 34
60 120 10
5 67 33
86 90 10
57 109 16
17 79 3
96 118 10
121 128 3
15 25 33
71 100 17
89 133 18
55 76 18
124 140 40
29 121 33
28 96 16
12 48 31
28 75 30
16 18 14
14 57 32
42 58 24
113 118 9
50 100 27
33 34 33
18 127 39
78 84 12
78 80 23
56 132 32
87 117 1
54 98 5
4 94 3
43 80 25
29 133 3
48 132 40
52 128 38
15 54 17
16 104 17
21 109 12
47 75 33
71 93 36
88 98 3
34 138 8
3 31 14
120 136 10
4 5 4
6 63 29
72 98 19
23 116 35
83 110 38
99 105 4
73 132 19
15 97 4
72 103 38
58 69 40
12 113 12
76 120 20
38 94 16
43 54 37
10 24 9
22 54 7
63 132 34
27 38 21
64 85 4
97 111 15
47 76 20
16 113 18
106 126 7
11 25 30
48 100 29
82 130 20
93 134 2
30 45 28
98 130 30
88 111 3
52 129 10
72 76 21
43 86 30
20 119 32
90 111 20
79 139 38
59 117 20
58 94 14
104 124 19
95 97 38
3 135 8
84 93 9
60 71 1
98 128 8
79 136 20
115 131 29
48 49 35
69 73 27
53 66 5
92 93 16
50 107 20
57 124 9
68 134 30
3 128 2
89 120 31
22 26 25
51 63 23
107 140 35
82 85 20
21 126 11
67 122 17
118 128 0
11 17 37
105 135 12
66 132 11
22 48 10
101 140 14
62 127 21
27 101 6
87 139 35
94 125 37
34 98 22
57 75 37
116 121 12
98 122 36
49 68 19
15 16 17
28 36 21
87 103 29
25 113 10
96 111 37
41 64 38
114 120 23
53 70 11
21 129 24
7 21 5
93 114 4
30 93 3
104 119 38
32 132 23
39 113 5
90 138 37
50 82 6
95 139 17
7 131 15
40 79 18
1 127 35
55 115 23
13 129 27
67 113 31
27 30 2
11 116 37
42 80 5
20 34 19
60 81 33
36 43 29
17 92 27
29 38 13
16 85 11
117 124 34
19 100 3
83 125 10
54 84 29
21 32 32
62 119 16
48 127 9
111 135 8
81 87 24
26 80 15
3 59 34
71 76 8
32 46 31
70 93 2
13 95 1
29 108 18
31 98 13
4 84 25
27 98 23
9 48 5
95 134 32
32 68 27
61 63 35
18 138 13
12 53 26
130 136 25
96 106 8
42 82 6
6 83 33
71 115 37
4 135 23
49 78 20
30 69 39
100 106 24
54 116 11
66 111 15
4 121 11
41 119 28
3 124 26
21 38 13
68 125 36
1 116 4
10 79 35
91 93 12
50 54 40
130 139 39
35 102 0
12 83 5
57 90 11
53 123 38
108 138 21
48 68 15
54 132 32
125 139 31
44 124 23
116 132 34
60 121 25
80 112 35
40 84 17
92 128 2
42 124 20
52 56 0
18 100 23
44 120 40
129 130 25
91 97 2
7 52 40
85 103 26
36 81 39
77 126 1
34 52 21
100 126 35
39 85 26
33 88 40
31 65 25
90 92 26
28 83 24
108 123 8
97 138 28
34 124 19
1 20 4
45 58 29
58 118 14
57 125 14
83 104 25
4 45 6
38 115 39
5 43 34
92 132 29
93 113 32
4 72 8
26 114 30
10 30 7
88 106 13
44 127 9
7 57 10
57 99 14
68 74 20
66 114 18
55 62 35
133 138 23
106 131 18
91 119 4
84 140 2
85 110 7
25 125 14
21 58 7
4 75 22
23 62 29
59 63 31
105 107 31
31 86 10
34 92 18
25 66 5
2 80 32
56 128 3
46 117 2
62 110 8
108 116 13
87 114 36
26 77 31
39 79 39
16 91 8
44 85 37
73 101 35
64 130 5
34 44 35
7 99 26
60 112 20
124 136 18
71 125 10
48 81 10
23 100 19
37 94 13
49 88 25
92 97 25
17 124 17
92 104 37
39 84 19
27 95 24
78 100 0
57 136 2
86 88 11
62 100 25
104 130 9
31 84 29
75 90 4
33 79 35
95 117 11
78 135 14
2 45 19
56 123 39
58 128 28
79 118 21
61 90 35
37 98 23
82 104 13
51 110 38
84 124 26
10 100 29
61 103 40
40 70 9
51 55 13
51 133 0
112 123 6
9 82 18
61 86 33
67 131 14
49 63 1
26 111 3
9 12 24
18 94 36
60 75 7
13 123 40
47 84 15
44 132 37
118 132 37
11 73 30
13 37 30
49 81 1
22 90 23
18 97 9
31 89 15
18 23 35
58 117 13
18 59 33
66 110 40
94 136 17
28 136 13
8 136 26
3 77 28
54 115 29
44 81 0
17 91 16
104 140 7
3 108 17
81 140 14
7 26 3
26 39 0
69 94 20
28 76 36
39 138 19
64 81 20
19 51 3
20 25 24
1 47 33
90 139 24
35 96 27
4 104 26
84 89 17
27 81 14
20 78 3
13 113 24
31 105 17
28 39 35
71 104 14
100 124 23
85 132 21
14 54 11
24 57 29
57 121 12
63 117 23
32 128 17
6 34 20
32 122 28
42 108 9
96 101 31
25 130 36
2 30 3
92 123 24
92 126 24
2 123 13
29 34 15
33 75 5
60 91 14
68 117 7
130 138 27
70 109 31
112 125 23
35 129 26
60 124 25
40 126 25
23 119 19
47 129 28
92 129 13
12 25 35
54 80 1
73 116 29
70 89 38
102 126 2
41 43 31
37 47 17
8 87 26
42 137 32
74 85 13
56 62 39
1 110 4
22 127 25
44 119 10
59 60 3
47 48 34
88 110 10
5 8 11
54 126 8
37 116 0
98 99 2
32 107 38
23 135 2
43 104 28
14 91 21
96 137 33
12 112 1
79 97 23
7 22 23
46 92 18
37 85 19
12 31 0
44 87 1
34 41 11
61 109 17
4 124 38
8 91 32
41 114 35
28 132 34
24 138 32
43 103 32
7 59 8
128 139 11
22 112 33
42 116 17
8 85 18
76 91 8
81 139 16
4 105 7
10 73 7
19 135 30
18 90 6
33 63 1
61 94 4
2 90 7
124 130 25
79 81 27
53 140 17
41 47 3
34 42 39
99 106 4
3 106 29
19 34 13
71 102 19
4 115 34
93 120 32
29 45 29
55 99 33
75 140 19
4 56 20
17 119 33
29 73 14
101 108 16
1 123 3
8 39 40
84 119 22
27 40 10
19 105 32
23 66 24
103 109 18
16 51 30
65 109 18
39 114 28
32 125 1
12 94 16
43 99 30
40 45 39
106 107 7
52 123 19
26 107 12
48 62 13
19 31 36
6 108 32
102 124 15
69 76 14
9 129 0
23 67 22
54 108 9
47 94 13
50 59 31
73 125 10
111 132 20
48 55 7
92 139 30
44 71 17
17 135 16
113 115 20
69 104 30
39 89 5
51 56 34
36 41 37
28 91 11
49 135 18
102 109 39
15 69 11
50 73 31
35 101 14
92 115 27
29 134 21
64 76 36
28 93 9
34 122 9
107 127 16
70 127 19
66 93 14
5 16 11
4 30 21
29 36 10
2 33 19
56 138 19
116 124 11
54 68 39
23 89 14
33 77 26
42 84 10
46 114 17
13 138 1
31 99 37
120 128 16
31 70 1
36 127 30
52 61 17
43 87 28
125 131 3
4 28 40
101 129 6
17 64 26
54 113 28
9 47 7
18 103 27
92 134 2
65 89 29
52 119 22
12 70 38
5 63 13
16 122 29
123 140 25
18 105 0
34 137 31
7 138 38
29 60 15
78 121 16
34 80 36
104 127 17
20 132 31
8 102 0
32 67 20
5 98 32
3 19 35
36 140 34
127 130 21
82 120 2
125 140 2
20 74 8
40 136 5
112 129 28
20 77 40
99 110 0
13 43 20
16 70 20
32 123 14
67 138 31
128 131 26
50 77 2
23 68 10
34 66 10
25 65 37
10 83 17
23 120 26
1 140 22
75 123 32
1 84 37
78 92 30
3 61 18
25 46 5
32 113 19
23 92 20
49 54 39
58 91 28
14 96 15
76 117 5
7 28 0
38 97 8
25 93 26
43 111 1
63 94 33
72 109 20
26 99 24
91 106 18
25 31 7
15 27 17
97 104 28
38 70 2
47 96 40
15 111 40
70 87 4
51 107 1
93 102 3
69 134 22
66 102 40
19 90 33
92 99 25
59 90 12
89 115 22
4 132 36
88 134 26
81 131 14
6 93 16
48 71 9
47 137 0
65 108 26
64 73 12
69 121 15
108 117 10
43 98 4
26 78 24
57 77 31
68 99 36
14 59 40
2 20 1
4 37 35
47 97 34
29 94 21
63 75 33
12 36 35
10 87 18
70 88 27
45 106 5
51 75 33
124 132 5
41 108 0
64 78 20
32 108 3
51 132 5
45 59 1
58 70 36
84 108 35
2 109 20
59 100 37
111 139 5
129 135 8
3 90 18
34 96 30
111 112 23
72 133 11
79 82 29
21 115 4
22 39 22
57 102 3
26 54 35
40 72 29
30 61 17
26 106 39
27 115 0
3 49 5
14 93 19
29 67 4
20 40 36
93 137 16
22 116 12
40 53 25
73 89 10
16 21 13
62 101 12
57 73 23
115 124 15
54 70 11
43 121 20
65 70 31
74 139 30
105 114 39
13 122 7
10 40 12
55 68 18
46 95 4
7 13 19
12 46 21
37 73 7
50 128 4
49 89 15
121 123 10
92 105 0
2 121 29
122 132 40
122 126 7
37 54 14
44 55 29
32 116 10
24 68 8
96 129 35
30 70 35
89 137 19
64 106 14
2 74 15
64 125 6
31 124 12
82 127 18
18 82 14
117 136 18
83 92 38
52 109 7
74 135 0
74 86 5
80 102 14
59 83 37
11 125 10
37 83 10
67 111 12
137 139 36
65 135 14
24 112 17
10 28 26
38 51 17
96 135 27
15 96 40
49 75 0
67 102 0
5 61 39
42 59 38
91 96 2
80 106 26
32 137 21
30 120 6
57 67 17
43 132 4
50 84 0
34 55 9
46 88 38
3 35 24
32 35 12
36 75 24
44 129 22
78 95 31
26 62 19
97 105 25
81 137 3
16 35 25
109 124 12
87 108 31
27 45 17
50 105 13
21 100 35
79 89 33
9 17 36
4 24 18
83 106 10
52 53 13
52 58 18
12 119 13
18 74 40
6 17 31
42 57 30
71 90 39
14 51 31
91 138 4
8 96 25
102 114 40
6 134 2
51 129 27
21 44 24
95 118 10
77 88 26
112 124 10
22 129 26
58 110 0
93 100 30
6 123 8
31 139 17
79 132 29
31 48 21
111 129 25
83 116 18
2 55 33
3 76 17
20 94 14
12 91 0
50 126 33
30 38 2
16 17 37
46 136 36
2 129 0
1 51 12
118 136 32
15 118 40
97 125 24
24 28 34
31 103 18
36 85 6
20 121 21
48 66 7
35 36 11
77 113 36
52 94 0
4 6 16
87 122 15
26 52 20
33 41 24
27 32 26
8 34 36
2 102 35
104 112 15
24 122 10
28 38 11
62 130 12
10 18 15
15 106 29
4 19 21
101 134 24
88 105 13
8 35 38
58 59 5
55 93 22
47 77 8
40 90 30
15 126 40
64 132 23
30 80 10
63 86 1
106 111 26
10 95 6
12 111 33
16 109 22
11 50 35
2 117 30
81 110 14
100 105 13
41 110 17
11 46 17
26 117 38
121 126 38
12 134 29
6 109 38
92 138 35
49 105 28
7 12 34
5 105 11
64 83 15
21 97 27
56 87 26
55 73 22
15 31 4
4 69 25
46 126 21
18 35 13
98 111 11
57 118 1
104 135 29
19 61 35
11 62 16
1 86 39
41 97 13
13 56 33
73 131 30
17 45 16
54 130 11
25 28 2
52 107 9
45 79 13
131 132 12
63 133 11
88 97 26
24 105 37
96 112 20
70 103 28
111 113 26
77 122 0
4 112 15
10 14 21
11 38 15
57 92 4
9 18 15
28 77 3
114 133 21
29 42 6
3 139 38
98 136 35
28 41 15
105 109 5
10 15 12
63 111 31
2 36 12
46 66 32
28 130 23
59 124 35
87 105 1
52 102 18
30 85 27
27 47 1
62 121 13
29 87 34
35 103 3
52 62 28
21 77 31
16 101 7
2 8 40
22 23 1
54 139 22
21 74 39
54 56 8
38 137 10
92 110 30
67 108 40
15 75 2
73 76 20
118 130 14
10 36 13
48 97 40
5 28 23
48 53 28
7 93 25
19 48 14
103 137 6
14 45 30
110 114 13
105 136 4
55 81 0
