300 6 2000 2000
69
133
176
88
90
286
88 133 60
133 90 12
90 286 29
286 69 23
69 176 48
176 48 16
48 169 47
169 61 27
61 202 24
202 27 32
27 222 7
222 167 5
167 277 60
277 251 28
251 237 55
237 15 7
15 9 0
9 18 17
18 100 6
100 136 17
136 46 12
46 201 18
201 254 31
254 270 35
270 83 30
83 159 18
159 124 50
124 157 28
157 272 6
272 17 12
17 173 59
173 231 26
231 47 30
47 57 20
57 107 6
107 240 20
240 130 60
130 190 36
190 193 33
193 38 0
38 6 28
6 106 29
106 255 41
255 99 38
99 199 39
199 296 10
296 153 12
153 282 53
282 4 20
4 183 31
183 195 20
195 234 41
234 192 2
192 30 20
30 278 17
278 247 41
247 196 24
196 198 8
198 239 42
239 110 60
110 150 18
150 63 12
63 131 44
131 182 21
182 113 32
113 23 30
23 89 18
89 225 20
225 287 24
287 220 42
220 226 26
226 114 41
114 229 48
229 75 44
75 174 23
174 238 17
238 154 24
154 291 52
291 177 19
177 207 12
207 58 0
58 266 55
266 188 16
188 101 35
101 85 22
85 16 59
16 160 31
160 59 10
59 65 0
65 281 29
281 87 57
87 181 32
181 197 43
197 245 49
245 51 55
51 119 23
119 263 28
263 265 25
265 44 7
44 108 21
108 290 17
290 170 46
170 55 41
55 94 53
94 68 53
68 96 54
96 162 5
162 147 0
147 299 35
299 134 5
134 194 1
194 230 26
230 116 48
116 121 32
121 248 26
248 74 9
74 249 37
249 210 33
210 211 40
211 126 36
126 273 59
273 112 53
112 228 33
228 269 12
269 271 28
271 12 30
12 143 7
143 204 37
204 260 31
260 7 57
7 152 57
152 31 31
31 122 37
122 95 52
95 187 56
187 235 52
235 219 37
219 13 58
13 300 26
300 56 44
56 244 24
244 227 5
227 2 6
2 139 60
139 180 22
180 72 6
72 25 26
25 276 41
276 129 10
129 43 11
43 36 46
36 208 14
208 79 52
79 103 4
103 262 19
262 212 60
212 76 55
76 125 21
125 140 45
140 42 59
42 97 17
97 135 48
135 292 35
292 80 46
80 10 35
10 41 5
41 22 55
22 50 18
50 109 29
109 19 23
19 26 43
26 29 43
29 285 5
285 274 6
274 86 27
86 297 13
297 127 41
127 45 0
45 171 36
171 148 0
148 52 14
52 35 45
35 117 26
117 261 53
261 39 30
39 93 53
93 259 35
259 224 56
224 92 46
92 279 28
279 161 4
161 217 15
217 205 45
205 146 45
146 298 42
298 258 25
258 280 54
280 14 48
14 252 48
252 232 52
232 71 2
71 275 35
275 155 18
155 256 29
256 293 14
293 73 53
73 189 10
189 49 52
49 166 56
166 1 7
1 111 54
111 151 36
151 33 38
33 132 52
132 241 9
241 185 46
185 84 56
84 64 18
64 206 10
206 98 6
98 62 41
62 54 49
54 82 18
82 40 59
40 175 27
175 295 26
295 253 59
253 223 36
223 164 19
164 163 29
163 214 30
214 264 49
264 179 3
179 34 55
34 128 25
128 284 25
284 78 1
78 221 30
221 267 14
267 250 6
250 102 21
102 118 15
118 246 18
246 158 37
158 20 5
20 67 37
67 138 45
138 200 11
200 104 10
104 70 9
70 105 55
105 123 40
123 120 55
120 236 6
236 77 52
77 168 33
168 37 12
37 115 15
115 289 46
289 178 31
178 209 29
209 156 41
156 203 28
203 91 11
91 165 26
165 142 47
142 32 45
32 5 45
5 268 58
268 233 31
233 294 29
294 149 31
149 24 53
24 145 27
145 8 52
8 184 38
184 213 28
213 81 42
81 191 12
191 11 58
11 257 36
257 215 38
215 283 36
283 28 10
28 60 14
60 53 54
53 288 16
288 141 33
141 172 5
172 242 46
242 216 31
216 218 59
218 21 17
21 144 54
144 137 5
137 243 12
243 3 2
3 186 45
186 66 2
124 190 51
19 190 39
42 15 19
274 228 45
8 298 28
163 114 28
264 111 45
163 264 41
284 120 31
262 55 28
279 94 9
88 185 5
296 88 34
194 16 29
194 95 5
138 224 2
142 143 26
117 146 58
157 138 32
167 52 41
176 192 46
94 186 3
7 69 2
76 107 10
46 204 25
144 63 6
109 97 39
12 26 50
292 131 47
270 273 43
85 4 11
163 64 29
147 164 24
174 143 12
274 93 46
181 287 0
139 143 47
164 207 57
117 81 29
281 103 15
31 29 23
231 190 24
98 89 31
155 206 7
15 109 58
157 143 44
254 104 35
236 53 20
120 19 38
99 163 43
198 115 12
161 297 41
71 46 59
183 95 17
190 12 51
52 260 40
258 172 55
248 118 16
206 33 25
203 51 2
179 125 39
75 116 0
183 219 7
256 275 20
199 237 50
15 34 22
28 294 30
110 193 33
300 29 22
117 49 37
10 226 2
39 249 7
46 261 50
78 293 10
5 192 15
244 68 23
7 34 36
245 172 1
108 90 38
89 270 16
57 66 4
125 89 21
229 196 34
279 118 41
135 241 36
73 120 12
62 91 24
209 116 32
274 36 44
217 63 15
91 161 59
11 135 2
205 288 35
284 185 18
219 155 39
225 213 3
178 213 1
156 143 12
9 135 52
199 229 21
195 54 39
222 144 42
128 89 3
100 244 55
158 203 23
9 111 32
87 95 1
195 226 15
102 10 45
208 69 32
64 195 40
131 136 53
79 44 48
90 180 8
250 151 46
228 163 42
25 281 52
242 254 1
209 102 54
175 71 52
108 137 54
243 1 37
8 95 52
184 151 56
148 75 37
94 21 30
295 44 6
255 145 52
26 108 30
255 254 23
168 206 57
156 154 44
283 34 16
174 233 50
195 205 44
44 249 1
146 172 39
144 83 59
195 211 17
107 260 49
103 198 41
77 25 37
205 202 53
40 120 52
274 272 48
132 62 18
153 53 6
4 280 3
183 247 9
259 292 53
198 21 28
87 293 12
290 88 21
8 266 2
281 75 34
2 76 36
109 128 10
230 74 60
168 262 17
163 77 17
16 5 9
180 133 42
72 33 16
11 202 37
72 65 35
104 57 33
133 14 35
73 126 51
231 104 31
230 184 28
14 290 24
297 56 18
247 168 58
229 292 1
178 110 51
178 261 17
156 136 55
283 126 4
231 192 26
201 232 50
23 252 50
210 182 27
51 17 33
2 257 42
129 92 19
288 82 15
269 144 48
111 97 40
53 5 23
99 263 34
272 98 37
208 140 7
232 66 9
300 140 55
227 121 23
119 66 55
232 138 58
154 299 19
252 135 3
139 183 52
146 35 6
198 50 25
188 227 0
213 122 4
287 286 17
179 183 48
218 198 0
93 107 22
63 126 2
231 227 36
102 257 6
182 102 0
1 6 28
178 104 7
141 155 31
66 80 27
211 88 9
254 115 5
144 165 15
158 61 54
156 103 50
17 236 50
141 96 34
53 122 32
275 77 58
82 57 5
35 270 2
244 102 26
63 65 35
100 1 39
15 89 49
225 233 13
95 65 34
200 153 13
234 251 26
94 167 53
153 11 44
101 151 5
20 277 4
235 37 48
140 170 17
124 238 18
14 69 15
265 142 7
91 62 1
10 286 15
38 132 43
72 193 3
175 134 46
261 156 33
85 134 56
237 205 0
250 274 45
203 165 1
186 212 18
62 67 0
104 260 7
28 20 44
12 31 17
114 199 3
116 262 9
173 271 9
21 217 46
36 110 30
75 294 25
214 21 17
56 280 39
254 127 58
130 300 25
267 298 13
102 246 47
114 201 40
40 229 27
173 182 17
218 108 20
141 274 46
2 254 0
241 266 17
260 133 55
281 224 36
259 115 17
111 178 2
181 106 13
50 72 19
39 128 15
58 180 59
90 85 35
226 181 57
233 95 49
16 50 20
248 162 31
92 49 34
200 132 28
54 172 43
28 227 27
232 240 38
18 179 60
134 214 8
155 34 22
49 155 30
1 219 60
272 84 42
273 45 33
57 70 24
204 97 38
229 160 44
254 54 23
262 211 25
241 128 39
95 279 25
140 229 3
253 65 33
140 299 24
160 175 51
65 297 25
257 143 56
210 226 28
175 151 13
240 297 5
192 25 1
291 207 49
53 137 2
262 269 45
92 53 33
4 91 0
209 236 7
278 116 56
132 125 22
185 206 23
280 242 20
33 300 38
290 138 56
29 5 37
209 5 2
263 121 26
172 171 10
23 109 54
215 75 35
270 254 49
248 12 5
110 222 32
181 26 52
201 274 44
270 100 47
60 161 54
135 238 27
186 78 44
13 11 21
164 189 39
106 195 27
147 36 19
188 43 9
92 99 32
215 94 20
50 197 52
231 224 45
50 35 51
92 154 38
98 9 38
106 127 50
147 54 11
280 102 22
230 105 30
143 86 55
275 214 9
100 224 26
156 106 25
176 158 22
229 121 47
141 194 8
248 68 23
190 52 2
292 148 41
82 260 37
271 236 50
92 294 1
227 25 0
254 235 8
5 232 38
133 3 24
249 201 11
146 272 14
204 40 24
26 44 43
294 68 5
54 104 33
214 172 46
243 14 55
58 195 55
136 264 22
119 194 13
254 121 43
86 209 32
280 250 55
270 27 26
52 133 0
176 146 60
252 34 48
30 106 43
254 131 36
122 153 42
287 151 20
266 19 58
295 157 39
113 107 22
261 143 60
33 42 5
177 261 11
190 232 30
41 5 32
29 74 28
215 65 49
116 51 49
241 41 41
257 289 31
220 300 11
294 14 26
158 227 49
50 187 55
287 229 54
57 128 10
95 159 32
277 255 2
177 201 22
87 57 52
104 165 50
102 198 11
197 124 51
236 70 10
171 235 60
278 177 59
294 95 54
165 280 8
116 91 50
158 231 6
31 223 47
132 255 48
19 5 18
271 52 10
192 204 20
122 94 5
208 164 5
227 101 21
1 34 17
99 269 39
73 41 39
100 266 25
243 164 59
150 286 58
201 12 21
51 39 56
83 78 42
94 102 39
103 94 37
59 177 14
46 55 31
117 246 33
46 190 54
134 47 42
287 259 20
270 118 4
259 200 2
236 167 16
103 263 4
139 251 5
146 101 8
272 241 17
120 84 34
90 135 6
236 176 58
129 107 37
295 237 49
221 16 29
200 277 44
83 92 49
124 44 50
184 99 34
67 125 58
90 275 46
211 39 3
75 115 16
13 220 18
113 18 20
270 198 19
262 18 25
63 105 9
44 244 35
49 131 7
108 125 20
212 144 24
269 109 26
218 124 41
186 76 4
110 174 43
219 152 12
274 255 13
201 95 60
159 246 60
275 168 9
178 120 21
255 256 14
214 16 41
244 59 29
237 240 17
85 220 40
190 113 28
74 191 45
139 115 44
94 147 29
211 169 32
226 2 58
167 15 32
180 274 6
206 20 13
45 103 27
113 261 36
279 246 4
10 217 33
115 250 7
190 112 2
246 62 45
64 235 2
227 47 59
138 251 8
237 57 21
234 4 32
143 165 38
269 85 40
147 142 43
203 141 22
3 156 59
167 256 32
284 116 5
70 41 21
117 33 58
75 211 5
188 162 20
178 106 5
2 273 51
13 9 18
7 296 3
258 250 17
293 104 8
273 25 16
102 138 59
126 194 41
135 39 16
96 169 34
171 17 53
194 188 3
144 245 39
50 27 44
278 193 12
33 242 10
99 268 10
299 260 40
11 234 23
34 100 59
81 70 13
115 249 32
239 40 56
258 178 39
31 220 11
209 275 5
263 257 25
7 179 30
249 116 4
233 9 50
277 113 55
199 56 51
95 142 26
140 239 22
267 48 19
243 215 59
139 26 4
207 4 36
282 258 57
139 93 13
10 243 56
153 142 32
263 277 38
288 206 17
4 201 37
30 288 47
136 169 27
235 9 51
186 221 57
15 182 22
51 120 51
149 95 2
253 146 10
277 49 9
119 62 24
115 281 40
22 162 36
209 270 20
61 128 14
279 232 28
261 225 10
287 279 40
21 166 23
191 34 60
147 245 4
144 264 38
172 224 36
162 78 28
41 18 9
280 162 24
98 121 12
283 35 11
258 242 4
227 280 43
292 157 44
41 151 1
262 10 41
12 254 28
290 195 27
285 278 12
259 108 43
237 222 8
20 44 13
145 233 37
173 151 14
161 132 60
1 11 60
39 225 54
45 172 6
226 131 53
68 87 41
257 124 20
115 4 49
121 157 59
104 46 5
258 97 43
7 259 51
77 142 23
134 115 11
248 169 26
152 40 32
112 146 45
223 19 23
116 119 47
64 36 45
219 123 14
108 266 20
287 95 32
209 150 34
206 186 42
134 52 43
105 38 32
26 12 28
21 263 37
241 209 12
181 25 17
112 212 37
82 213 7
152 3 32
108 182 55
104 267 31
103 293 16
271 191 42
48 32 48
140 8 59
132 26 10
273 291 30
44 265 50
288 230 24
147 117 5
249 197 40
255 198 29
148 223 9
195 298 12
232 125 3
298 216 31
92 140 38
265 25 48
238 140 13
93 226 1
227 223 58
193 156 57
92 197 57
9 195 39
138 141 16
58 178 14
52 198 48
282 100 15
87 235 29
79 77 11
287 103 46
26 71 26
257 264 10
162 158 58
251 284 24
70 169 11
260 176 46
286 168 60
290 235 1
15 228 31
202 136 7
112 276 5
102 24 34
202 98 21
261 88 11
241 145 29
65 195 27
140 194 11
50 246 42
70 71 44
11 188 39
74 178 52
168 233 51
88 245 53
253 284 55
199 39 11
159 30 34
144 118 42
1 171 11
90 139 49
174 196 27
41 63 25
193 224 36
10 196 47
172 73 27
287 71 18
163 118 8
269 81 15
116 132 25
299 145 53
95 120 27
116 219 30
194 87 39
193 144 33
175 185 18
130 188 24
291 266 34
125 228 20
120 16 16
79 159 45
250 19 18
260 199 57
108 289 49
187 99 51
86 37 37
188 67 13
234 134 53
87 13 10
211 168 13
156 137 43
192 271 44
245 297 12
255 52 55
5 152 5
32 254 2
68 291 16
237 8 12
59 30 11
294 51 46
8 107 26
204 206 49
200 14 54
279 228 31
249 98 56
167 49 41
97 230 35
55 178 49
83 275 16
160 27 11
284 114 41
238 47 33
120 27 23
244 195 1
155 41 14
142 201 6
14 254 51
74 80 52
102 254 51
135 127 48
294 114 45
43 295 12
228 2 17
108 89 45
285 47 57
227 131 19
62 18 17
5 98 45
199 161 37
160 3 27
286 291 52
26 206 16
236 58 34
262 245 8
236 200 33
163 140 59
46 126 22
199 123 13
206 287 36
229 1 59
189 200 17
14 248 13
272 157 38
75 88 7
197 258 30
295 297 50
17 133 39
178 3 0
277 94 38
43 202 21
199 164 12
79 37 56
243 126 16
216 214 57
73 223 20
28 188 53
221 20 16
26 173 14
19 65 58
40 3 19
159 100 16
4 270 12
6 185 36
184 36 53
159 92 25
21 28 58
119 188 51
71 20 46
256 100 8
107 149 3
105 192 7
190 221 58
278 220 36
229 142 7
113 66 12
289 251 51
153 196 27
133 25 5
253 8 33
17 179 7
32 285 20
39 62 37
127 102 7
244 44 47
38 274 18
84 21 47
115 190 15
64 128 7
177 278 5
101 9 16
247 12 10
104 13 3
3 147 58
300 216 35
56 183 41
223 79 57
61 201 38
262 282 27
269 199 43
16 260 7
198 290 44
272 145 4
245 284 2
250 84 37
201 102 4
299 207 19
156 30 42
214 38 49
228 201 21
103 184 46
29 189 17
179 215 54
148 281 15
245 134 51
271 64 44
7 199 2
131 194 6
150 49 5
198 141 19
156 82 56
279 5 34
79 93 49
104 135 6
232 231 19
211 220 55
28 13 11
29 255 53
127 233 59
191 170 18
195 2 38
133 74 28
153 14 44
177 145 13
232 261 34
95 286 35
170 3 27
8 26 3
232 166 51
173 89 11
180 80 54
38 250 51
257 220 52
179 158 22
61 73 13
6 157 20
252 250 40
259 116 59
99 133 38
74 25 13
202 245 11
66 205 38
161 66 41
126 263 43
11 261 26
43 204 26
212 224 58
126 59 51
163 196 50
74 266 2
169 241 30
10 250 7
269 140 4
236 26 49
288 13 48
156 262 55
81 189 52
229 92 53
129 48 23
254 101 48
4 243 43
212 61 6
91 163 32
218 290 20
11 165 9
275 211 44
293 27 36
38 180 44
287 282 14
2 245 3
113 54 50
230 138 46
203 106 4
170 114 37
27 136 5
81 269 55
257 126 54
90 197 16
144 111 34
9 31 56
182 48 59
276 146 59
264 119 10
141 282 3
141 31 1
170 45 5
203 118 46
44 187 59
145 253 38
291 286 30
264 256 16
147 277 10
218 114 15
167 40 14
25 34 57
235 266 18
171 284 7
283 71 48
266 213 9
121 110 28
113 189 9
51 75 34
71 73 53
231 272 34
66 5 50
245 183 46
216 64 13
271 39 55
141 204 14
108 255 35
196 238 8
65 221 32
167 137 9
136 231 7
207 26 39
191 1 57
271 35 17
252 128 16
44 29 0
17 286 36
37 7 28
121 261 46
153 233 39
286 246 54
109 224 32
84 197 6
186 250 35
78 275 31
240 75 25
15 183 16
96 128 21
112 107 39
183 205 47
158 87 1
194 33 20
274 149 3
84 65 15
246 133 14
5 6 31
13 256 3
188 197 32
70 64 38
237 179 1
205 224 40
170 49 52
221 182 37
193 24 18
188 29 7
277 282 17
67 9 58
37 273 27
194 268 42
74 267 29
172 235 47
263 22 18
213 118 54
269 236 51
129 185 16
139 147 8
229 277 24
218 35 47
7 109 49
127 78 59
297 162 34
13 30 14
282 230 28
176 226 30
227 60 39
152 210 29
125 93 44
111 5 18
206 292 6
283 101 39
59 83 16
205 298 32
170 201 17
138 52 12
26 20 40
165 55 12
155 5 56
159 207 18
251 188 39
6 139 17
181 178 24
249 234 26
30 262 14
257 135 1
133 212 15
37 132 22
8 148 58
40 67 41
23 137 13
95 202 3
119 298 40
56 208 34
194 246 26
101 137 7
295 85 13
196 292 53
204 294 7
18 110 59
171 288 34
246 77 9
252 171 17
99 88 58
72 227 54
52 159 47
192 114 42
156 53 48
123 144 28
175 87 56
203 146 10
235 236 8
58 155 22
239 292 7
286 127 15
232 126 7
232 112 39
220 55 14
79 71 35
271 47 30
14 132 44
9 28 11
62 282 11
212 13 32
110 100 3
225 260 41
218 282 4
211 125 58
164 119 54
147 209 1
23 217 27
168 82 50
162 274 0
258 257 28
171 177 35
227 189 12
217 97 14
244 229 55
278 207 43
290 204 25
166 271 23
266 31 60
125 73 16
169 139 44
264 144 31
295 96 27
70 9 14
39 248 53
263 199 24
167 48 36
136 215 41
31 75 3
203 223 34
55 175 24
181 10 32
212 149 13
125 290 4
213 141 35
299 240 11
262 208 57
287 161 28
270 101 14
3 289 53
292 22 25
132 149 20
75 33 12
170 217 56
170 102 16
252 277 36
39 253 4
126 140 17
81 193 23
247 141 45
166 70 59
164 110 38
206 259 58
180 259 2
261 105 11
185 76 19
242 60 7
229 137 39
200 167 24
169 89 54
61 200 3
37 211 60
102 122 55
281 126 40
22 239 32
30 286 57
222 170 59
295 260 54
255 171 9
148 298 2
239 48 45
24 182 46
128 8 9
161 294 11
229 218 56
272 49 47
300 188 21
240 172 18
130 269 45
248 218 11
151 258 8
129 241 29
70 300 36
53 69 31
102 283 40
176 75 55
250 268 11
55 212 50
199 66 52
167 88 1
232 184 23
94 122 43
173 59 44
9 38 30
159 80 21
236 242 49
53 119 10
63 188 27
231 150 23
170 292 41
288 245 1
117 133 8
187 270 32
89 279 53
108 162 23
153 194 47
83 219 11
3 209 45
248 83 53
101 94 0
297 217 25
59 22 10
219 234 2
36 263 48
206 270 30
21 6 0
175 238 10
78 141 27
171 73 27
26 120 36
11 88 14
55 40 39
52 165 58
231 65 6
218 241 55
2 130 42
234 5 56
63 195 38
173 83 31
84 214 36
274 37 2
142 170 59
28 133 2
212 37 6
73 243 55
245 21 50
294 269 46
119 140 35
196 190 21
189 255 6
247 147 36
62 177 16
12 220 42
299 218 54
299 173 25
111 147 54
20 253 53
142 47 29
229 130 50
80 128 12
68 30 8
217 300 22
150 134 21
138 117 48
68 14 19
18 122 23
225 144 39
156 210 44
162 145 51
269 223 20
244 101 60
288 226 50
37 230 11
88 210 33
268 75 52
38 31 43
99 153 42
88 79 31
152 70 4
248 263 54
104 170 39
192 230 22
202 126 25
40 258 57
125 16 25
200 25 1
60 209 16
195 108 11
257 3 36
94 67 3
274 234 56
232 25 30
11 173 25
145 92 5
222 253 18
269 4 45
142 112 0
179 208 9
95 237 15
279 44 13
53 168 15
228 211 58
219 55 28
282 172 15
213 33 41
260 68 9
213 231 6
134 131 12
261 14 7
200 240 44
297 75 2
32 215 49
89 171 23
61 22 14
296 128 51
17 31 8
103 177 4
119 16 47
237 193 12
175 70 52
259 20 25
85 91 38
277 292 44
35 21 23
143 193 9
193 294 26
87 246 12
257 104 6
58 21 20
150 6 36
166 231 45
56 57 15
42 28 49
26 42 5
91 234 28
296 42 28
26 253 28
269 54 19
276 172 21
119 214 15
45 174 32
1 189 32
245 269 9
264 228 33
250 256 19
270 129 1
249 46 35
289 8 45
141 73 35
77 8 17
129 218 1
73 25 8
154 48 35
182 83 10
22 270 16
139 275 59
151 224 31
45 252 15
266 62 44
177 178 18
129 87 51
237 40 30
147 258 38
287 128 12
147 101 41
210 295 54
234 29 27
100 236 56
11 148 24
249 154 31
164 158 46
46 91 8
277 263 54
171 194 25
46 128 39
285 105 5
235 48 32
32 42 39
85 159 45
210 91 43
36 283 33
11 181 31
172 20 9
298 279 26
148 192 36
96 245 22
30 4 21
91 14 31
107 133 43
143 244 37
16 2 6
126 10 43
199 294 30
109 57 33
52 83 41
62 216 58
293 94 9
162 161 33
215 129 60
116 138 27
40 59 46
207 192 21
196 239 56
74 283 30
229 117 36
167 135 53
26 162 20
275 187 14
131 216 43
176 111 38
237 56 41
34 258 0
85 203 48
190 181 2
142 23 53
254 207 1
212 137 22
173 144 22
176 121 35
128 173 21
155 123 17
264 246 47
184 12 24
241 142 3
54 63 0
141 287 24
104 50 28
57 143 7
37 153 34
182 269 12
4 102 50
68 160 44
117 167 8
69 49 12
57 171 36
20 80 11
6 161 34
112 12 4
150 142 34
255 17 16
89 119 55
158 34 46
184 77 24
79 227 50
237 245 28
161 73 52
165 106 10
121 59 58
30 25 1
126 203 36
238 178 22
263 254 8
175 177 20
230 175 8
215 154 56
276 216 20
267 225 6
34 208 38
72 238 27
295 93 33
120 171 27
150 267 26
174 62 52
116 17 46
203 179 35
224 236 50
200 67 39
88 137 5
179 193 35
292 237 46
275 151 53
7 11 8
50 183 3
92 170 27
109 192 48
112 138 32
10 190 14
14 208 8
145 133 48
118 238 40
120 114 10
8 42 57
221 211 49
209 87 29
185 85 20
47 67 59
285 240 18
169 115 30
174 148 14
34 156 18
198 295 57
16 281 19
272 70 50
196 95 28
132 231 22
21 284 11
155 296 45
196 59 25
112 136 4
93 260 23
131 42 3
18 158 60
233 218 24
74 187 13
5 96 29
171 189 45
227 232 15
255 20 25
183 101 26
88 20 46
291 133 39
148 81 48
288 161 52
67 54 4
104 21 36
238 36 33
287 105 0
4 66 14
183 208 10
106 279 3
273 162 57
112 126 51
223 54 24
297 274 26
85 284 17
234 187 58
130 195 13
20 191 8
119 278 41
291 27 10
20 36 42
192 221 5
31 211 7
192 7 25
297 85 24
73 237 8
71 278 9
26 74 37
270 22 28
238 101 58
120 65 16
22 175 16
84 45 52
187 274 51
15 36 48
149 243 39
201 55 48
26 297 13
162 120 18
55 286 47
41 241 7
282 1 27
98 274 21
259 235 12
162 266 27
79 251 23
170 124 57
22 177 44
86 87 2
113 146 26
266 299 30
99 300 18
171 163 36
104 133 55
33 283 34
174 135 41
266 242 6
27 176 20
224 259 29
299 89 50
65 82 31
237 32 42
251 119 14
254 147 56
157 42 58
161 109 48
285 66 56
252 114 47
177 139 39
249 104 13
244 145 53
175 9 46
217 98 38
260 286 42
32 6 52
273 262 54
226 162 32
194 174 42
2 225 0
161 133 43
50 66 17
53 211 37
166 29 38
53 190 58
84 132 57
75 6 32
36 215 13
197 32 16
88 295 27
65 222 25
277 215 0
47 245 3
243 38 60
274 199 5
27 156 15
151 45 23
280 75 3
176 257 9
282 141 49
93 171 12
296 25 46
79 121 5
182 99 42
188 174 10
197 20 51
72 8 1
125 212 22
157 5 25
207 114 60
177 88 40
160 109 35
270 232 56
107 98 54
195 83 17
246 271 17
80 114 29
155 219 31
245 285 37
44 164 39
48 249 49
30 121 36
101 30 31
134 297 23
218 203 14
246 63 9
267 184 52
123 32 15
179 103 17
42 62 21
39 151 28
199 178 40
67 291 56
52 183 29
270 170 7
192 74 46
33 156 43
77 198 24
8 192 49
98 158 16
117 63 18
288 231 30
119 181 59
137 234 28
33 271 27
278 114 32
197 40 41
14 152 8
270 280 40
271 17 19
82 56 8
115 245 17
71 273 49
110 257 30
65 245 40
269 14 16
188 1 53
218 65 43
11 241 23
104 191 50
200 34 35
237 154 25
149 179 7
9 129 40
190 93 1
121 269 12
17 147 11
261 188 53
277 26 59
145 21 29
185 93 41
35 261 39
150 60 56
269 166 8
242 169 32
46 71 10
171 184 12
163 215 29
42 137 51
2 28 59
154 100 7
213 109 10
121 95 58
208 125 10
193 58 10
146 154 56
288 253 38
170 186 12
64 215 28
297 57 1
149 158 49
165 213 21
277 237 12
153 257 8
275 286 49
275 89 38
250 144 23
195 169 4
56 117 50
141 254 6
205 45 60
167 169 22
60 268 19
56 182 51
220 167 2
242 118 35
190 10 21
183 295 45
32 73 13
90 164 36
66 11 18
34 259 36
