500 10 2500 3000
103
171
12
145
371
212
148
90
413
191
371 148 69
148 212 7
212 413 39
413 191 35
191 12 22
12 103 27
103 145 23
145 90 61
90 171 61
171 444 0
444 169 63
169 44 19
44 475 39
475 464 15
464 321 68
321 468 31
468 337 54
337 178 13
178 297 62
297 397 14
397 320 57
320 490 17
490 429 67
429 24 35
24 361 64
361 226 19
226 214 9
214 221 69
221 461 4
461 276 2
276 431 37
431 132 30
132 247 14
247 376 64
376 391 44
391 60 50
60 187 37
187 157 45
157 436 60
436 340 44
340 153 46
153 293 62
293 402 24
402 123 41
123 156 64
156 50 24
50 355 19
355 118 62
118 417 7
417 360 47
360 38 69
38 289 68
289 428 52
428 29 40
29 240 22
240 31 45
31 52 33
52 495 1
495 257 40
257 463 59
463 235 54
235 203 27
203 343 39
343 161 10
161 64 69
64 15 60
15 201 61
201 23 67
23 71 68
71 472 2
472 222 2
222 357 1
357 298 10
298 224 12
224 152 17
152 140 24
140 480 30
480 48 30
48 36 23
36 445 60
445 382 49
382 283 54
283 54 52
54 295 60
295 450 25
450 115 23
115 324 18
324 87 27
87 198 51
198 184 2
184 185 44
185 47 4
47 441 50
441 159 11
159 246 33
246 422 50
422 267 44
267 313 39
313 381 11
381 406 60
406 3 6
3 72 51
72 127 55
127 225 36
225 256 7
256 39 51
39 346 33
346 341 7
341 488 25
488 236 68
236 496 69
496 497 63
497 254 48
254 296 31
296 349 9
349 469 11
469 119 44
119 238 3
238 394 63
394 286 55
286 366 29
366 92 3
92 77 7
77 139 5
139 345 46
345 304 35
304 473 70
473 312 61
312 362 65
362 270 70
270 332 8
332 43 36
43 192 36
192 66 16
66 205 11
205 392 59
392 179 62
179 33 21
33 16 6
16 197 2
197 174 34
174 104 63
104 83 16
83 451 57
451 372 45
372 268 52
268 73 24
73 375 4
375 263 15
263 55 67
55 305 50
305 143 60
143 124 2
124 274 2
274 425 55
425 288 36
288 170 47
170 421 13
421 126 23
126 440 0
440 167 66
167 114 19
114 193 26
193 200 58
200 319 35
319 446 38
446 58 56
58 277 31
277 2 8
2 231 15
231 476 19
476 432 22
432 265 70
265 258 44
258 46 26
46 7 37
7 70 31
70 166 21
166 79 27
79 25 55
25 405 14
405 243 22
243 74 8
74 252 16
252 99 64
99 377 60
377 20 23
20 474 20
474 437 23
437 317 57
317 401 60
401 249 48
249 204 16
204 88 15
88 168 58
168 410 26
410 260 42
260 14 59
14 411 3
411 356 31
356 385 57
385 373 66
373 342 10
342 63 54
63 56 0
56 109 62
109 369 34
369 97 23
97 438 17
438 339 39
339 32 52
32 180 27
180 291 47
291 302 70
302 190 35
190 253 27
253 493 49
493 122 58
122 396 10
396 323 64
323 133 28
133 234 35
234 28 41
28 94 69
94 281 5
281 209 27
209 34 29
34 400 50
400 330 35
330 358 15
358 5 62
5 93 59
93 290 36
290 467 44
467 416 38
416 261 6
261 307 45
307 45 54
45 456 58
456 195 55
195 175 48
175 76 12
76 106 5
106 151 47
151 219 5
219 384 28
384 1 16
1 142 62
142 131 10
131 22 4
22 125 34
125 10 70
10 491 63
491 403 59
403 102 60
102 311 52
311 146 24
146 427 36
427 485 65
485 150 64
150 272 55
272 78 22
78 53 2
53 408 38
408 17 69
17 26 65
26 237 26
237 61 62
61 414 1
414 479 60
479 216 32
216 134 23
134 338 40
338 13 33
13 328 21
328 269 17
269 459 39
459 81 14
81 389 5
389 27 29
27 129 38
129 163 31
163 165 31
165 136 59
136 279 32
279 407 2
407 113 21
113 379 30
379 424 8
424 423 4
423 95 53
95 158 17
158 69 63
69 112 38
112 100 57
100 334 3
334 308 33
308 359 55
359 457 21
457 347 32
347 40 3
40 96 33
96 137 0
137 228 39
228 418 60
418 91 44
91 333 21
333 262 37
262 326 63
326 68 47
68 364 38
364 245 40
245 223 21
223 65 70
65 182 52
182 251 45
251 336 7
336 383 15
383 271 34
271 454 39
454 57 38
57 477 48
477 59 51
59 453 29
453 116 24
116 449 23
449 264 12
264 110 21
110 144 7
144 101 8
101 420 32
420 390 23
390 484 56
484 370 15
370 98 18
98 230 70
230 162 14
162 117 26
117 120 54
120 202 6
202 49 68
49 233 65
233 227 64
227 188 49
188 89 1
89 470 57
470 149 41
149 292 54
292 275 18
275 448 27
448 439 9
439 478 60
478 353 69
353 466 33
466 374 48
374 489 60
489 215 21
215 199 35
199 483 53
483 194 25
194 442 47
442 433 46
433 354 49
354 164 56
164 494 39
494 160 26
160 278 52
278 285 44
285 51 43
51 282 41
282 213 31
213 303 42
303 35 59
35 147 66
147 325 37
325 8 58
8 11 33
11 107 12
107 130 14
130 482 64
482 229 68
229 386 66
386 378 13
378 486 45
486 415 25
415 9 33
9 368 0
368 181 61
181 41 7
41 241 15
241 280 21
280 314 46
314 21 49
21 306 64
306 111 0
111 327 50
327 434 64
434 301 25
301 350 49
350 352 44
352 121 55
121 75 34
75 284 23
284 447 65
447 186 64
186 335 15
335 248 6
248 367 29
367 351 37
351 259 69
259 67 67
67 348 20
348 426 65
426 30 33
30 273 59
273 155 58
155 173 52
173 500 19
500 419 28
419 84 50
84 498 46
498 318 70
318 37 48
37 344 32
344 316 30
316 299 48
299 80 70
80 105 25
105 176 63
176 4 23
4 266 22
266 196 51
196 211 17
211 244 64
244 492 7
492 138 38
138 388 35
388 363 14
363 82 44
82 108 34
108 218 23
218 300 19
300 310 67
310 135 62
135 294 29
294 329 14
329 18 38
18 154 18
154 86 40
86 331 3
331 499 22
499 487 67
487 177 28
177 452 70
452 430 50
430 460 46
460 207 34
207 471 7
471 315 7
315 220 19
220 255 7
255 239 7
239 250 53
250 387 41
387 242 65
242 210 32
210 189 2
189 462 5
462 128 3
128 172 0
172 85 46
85 217 0
217 309 40
309 365 51
365 19 48
19 42 21
42 443 2
443 380 25
380 404 21
404 232 41
232 322 18
322 393 38
393 62 21
62 395 28
395 481 44
481 206 38
206 287 32
287 458 23
458 455 60
455 208 38
208 399 56
399 435 26
435 409 70
409 141 52
141 465 2
465 183 39
183 6 23
6 412 47
412 398 26
426 470 23
176 449 56
132 303 46
206 303 30
194 312 46
269 342 19
42 295 40
117 295 41
24 465 41
134 161 50
369 375 1
210 263 52
466 484 51
208 412 60
52 467 10
122 193 0
350 366 52
287 350 22
201 421 36
217 368 54
18 452 39
13 491 38
197 469 19
43 368 39
488 500 6
302 353 14
171 186 24
277 432 37
417 490 6
49 285 60
100 457 30
227 282 37
245 297 41
458 462 59
122 442 32
232 236 10
225 496 15
196 470 2
148 194 64
324 360 38
353 435 26
466 478 3
88 332 17
269 316 2
202 378 51
148 461 67
3 17 30
45 349 7
261 432 41
94 115 31
95 156 46
45 55 44
263 435 42
331 451 28
84 354 63
121 391 37
69 486 34
106 478 57
96 167 44
12 311 19
23 189 42
12 493 3
241 486 31
148 233 19
92 489 2
139 152 59
129 344 52
59 285 8
277 430 22
268 468 12
299 405 17
84 356 64
127 383 32
301 393 60
161 292 2
157 347 61
286 299 57
366 385 62
63 119 11
291 346 2
233 440 56
31 77 11
222 468 45
284 323 61
227 255 9
420 458 10
221 454 64
67 317 39
37 380 55
144 490 70
2 484 33
106 323 46
67 445 66
292 315 57
278 335 63
115 192 7
65 66 52
43 354 26
130 404 19
205 499 68
163 419 44
162 203 33
258 322 1
39 381 38
412 440 67
15 142 45
104 290 49
69 251 24
222 472 54
21 111 21
318 459 24
287 293 47
382 438 4
135 498 13
199 329 56
293 428 6
88 402 18
243 406 34
57 305 24
420 449 42
270 447 55
103 470 15
250 279 25
12 162 19
160 270 36
187 427 21
106 296 67
247 297 64
188 452 31
293 384 14
130 181 66
366 445 54
43 463 2
102 291 69
146 472 39
21 210 50
70 167 10
151 295 69
293 330 25
102 155 65
21 466 14
32 328 23
153 373 48
321 474 0
161 446 39
273 452 63
38 205 59
31 454 51
84 184 35
149 190 54
94 378 23
131 403 65
20 334 20
225 341 13
28 185 57
191 437 28
97 310 67
229 299 17
49 218 21
8 410 3
48 492 18
262 370 16
9 300 3
380 454 25
42 314 61
45 258 13
45 446 61
336 339 68
165 286 18
10 427 69
421 443 15
161 236 29
304 483 17
349 448 12
197 492 0
41 144 66
210 273 48
77 145 60
9 407 35
144 416 19
4 65 8
110 194 25
389 398 44
214 341 46
167 282 66
86 356 7
227 457 33
168 451 3
3 127 1
156 190 9
318 413 29
52 392 15
98 238 33
174 497 37
75 491 34
11 95 37
13 247 18
448 470 8
180 387 53
24 269 47
437 494 33
115 246 6
268 382 43
123 263 15
156 224 42
58 275 45
223 452 11
214 335 34
402 427 37
325 356 54
25 349 28
85 437 65
70 347 59
130 254 0
130 198 46
67 150 10
299 426 25
279 445 62
69 385 65
131 225 47
50 392 62
82 193 65
35 299 3
178 317 42
327 453 8
192 334 21
46 477 14
61 129 13
390 496 67
174 305 33
12 188 13
170 445 15
274 297 64
68 473 18
19 288 34
348 377 30
219 281 67
113 486 26
1 113 57
192 231 67
147 150 35
82 118 51
322 446 28
379 489 21
194 347 35
218 308 23
58 294 4
311 500 6
151 231 22
115 126 22
188 231 13
148 236 33
405 485 59
122 455 1
16 334 2
271 308 18
248 274 67
177 219 19
49 59 8
106 260 39
48 79 14
281 376 49
431 482 26
307 357 55
218 258 38
52 389 3
443 458 55
74 445 21
109 338 31
372 462 26
73 144 60
53 451 25
234 469 52
231 455 32
136 182 3
25 433 28
68 199 8
204 427 41
166 423 10
119 487 34
385 466 26
178 407 48
146 405 12
230 355 37
3 335 69
279 477 51
224 284 2
93 435 53
187 280 63
225 478 67
168 208 19
367 476 31
385 398 2
24 418 5
59 74 27
12 288 24
375 430 1
383 467 70
24 67 3
150 165 57
84 250 29
113 224 70
39 94 45
36 230 42
203 435 62
425 483 52
73 133 36
23 410 25
20 214 59
99 198 40
223 299 22
23 423 19
181 434 56
96 174 22
429 473 41
99 205 9
69 433 51
155 288 30
132 428 28
254 449 56
110 187 2
274 423 70
180 276 36
130 425 14
124 359 28
366 498 5
30 260 37
330 379 15
320 377 55
61 217 33
169 364 15
79 475 44
344 478 69
59 133 4
232 365 55
394 446 0
300 383 49
32 300 18
453 472 66
6 335 13
163 305 25
295 367 51
22 240 16
11 70 25
65 477 6
187 489 34
57 231 9
207 432 62
280 286 3
96 429 52
230 350 28
124 476 57
320 364 1
300 313 45
47 70 26
375 418 8
414 480 9
23 31 37
114 165 3
122 376 65
310 411 33
171 348 19
15 386 66
365 410 16
159 220 40
27 58 15
153 370 37
216 468 13
34 78 50
413 453 30
222 392 25
7 170 52
56 244 66
173 477 8
17 167 52
180 263 3
5 490 59
257 324 10
316 320 32
160 198 41
102 241 37
4 288 16
262 389 67
107 194 2
419 447 8
253 329 28
426 447 54
13 295 7
358 447 13
145 166 42
62 258 1
180 375 43
338 483 58
19 201 40
180 214 68
74 239 43
149 447 40
117 382 35
98 245 66
176 497 5
199 226 68
290 370 29
183 353 36
142 149 26
414 428 62
267 497 14
286 376 11
146 268 22
127 400 2
435 486 54
194 368 21
99 293 10
28 163 4
25 267 53
235 479 15
192 322 2
328 394 11
350 498 66
156 236 6
64 265 57
21 446 63
170 253 50
266 458 3
190 446 67
277 406 45
61 202 25
277 351 45
383 444 45
178 257 5
44 249 22
108 187 50
76 407 30
55 461 46
386 466 28
256 365 44
108 436 50
234 459 47
89 233 29
281 392 35
327 464 43
269 399 64
122 233 67
182 364 13
174 421 52
69 290 20
14 332 53
143 187 12
4 179 31
63 457 43
468 469 69
294 393 56
152 437 58
3 465 70
190 234 39
4 492 28
16 81 35
88 318 61
298 324 49
177 294 69
97 422 54
63 259 54
460 496 32
287 370 51
148 306 9
12 341 56
129 421 52
254 454 1
62 120 64
74 323 28
128 492 12
99 410 25
174 369 42
27 66 12
77 390 25
47 239 30
9 499 53
27 410 55
202 252 8
200 292 32
15 370 19
178 183 70
366 404 17
248 429 65
75 180 17
16 234 61
79 250 55
278 348 44
123 138 33
26 399 46
42 208 36
137 253 70
5 7 24
18 80 23
31 172 21
330 371 59
179 218 0
161 421 55
165 437 46
224 264 18
154 378 49
27 433 64
253 291 59
107 493 34
268 482 57
83 243 40
105 410 25
23 490 64
150 186 14
28 332 64
436 440 46
90 475 56
113 259 52
164 480 15
24 118 39
485 490 3
358 485 47
226 338 60
445 492 51
330 407 55
76 488 36
36 153 46
250 412 46
372 467 48
96 437 60
306 418 58
112 309 59
90 158 36
254 431 29
453 469 37
369 444 47
429 432 21
135 396 64
168 411 57
104 407 64
180 196 6
335 470 65
205 251 36
162 440 49
299 462 53
362 414 35
130 311 44
319 413 22
72 190 23
417 436 62
114 135 64
116 437 38
356 389 6
207 402 14
101 290 26
402 428 17
281 358 69
325 384 62
111 363 12
421 422 4
289 490 13
241 376 15
416 494 30
178 364 13
104 446 43
87 396 0
28 32 37
67 263 39
53 101 34
89 207 34
316 485 1
318 485 42
188 311 2
93 386 1
241 330 7
311 476 41
8 211 66
125 292 39
89 465 62
254 370 3
7 488 13
135 236 32
282 334 12
65 133 23
130 227 48
127 254 56
307 345 39
24 383 69
44 384 69
128 429 18
128 472 70
122 481 69
138 197 61
145 236 35
112 411 50
307 402 29
437 440 32
297 479 23
97 267 38
291 355 21
327 493 67
116 241 12
277 337 24
403 435 35
82 499 50
69 195 48
297 298 34
1 413 34
335 490 54
272 383 3
278 393 53
302 391 10
9 155 22
86 196 31
230 358 29
106 425 45
379 420 57
22 183 24
372 495 45
22 112 47
347 350 41
137 315 64
10 75 38
185 236 29
90 387 22
36 222 49
66 250 60
281 320 53
290 366 28
78 444 31
69 269 14
190 453 26
137 374 49
166 274 50
239 449 21
189 232 20
210 283 48
43 373 14
329 449 36
6 247 5
308 404 58
230 344 38
50 297 13
435 478 44
301 405 27
34 381 70
118 138 32
278 338 15
193 459 54
155 193 59
21 110 60
55 438 4
55 198 65
21 79 8
176 320 46
47 260 0
8 228 24
194 351 55
99 123 21
68 424 31
124 296 35
232 475 16
29 465 67
384 485 44
271 435 7
276 376 61
168 335 31
155 318 1
69 126 38
225 381 23
366 481 0
90 453 18
203 425 70
129 139 24
91 284 32
46 258 46
176 284 15
63 441 3
220 371 70
78 401 55
237 451 17
125 229 59
99 271 45
309 340 42
44 228 7
243 299 9
351 366 38
255 274 9
179 293 13
287 341 70
317 350 39
246 272 66
95 346 50
282 285 68
195 412 6
378 396 35
143 228 36
198 232 47
259 271 11
240 282 33
344 499 6
192 289 27
40 202 44
359 420 15
207 477 14
237 316 67
408 415 67
178 312 43
73 208 48
179 359 48
273 300 21
425 496 6
111 301 3
172 344 37
113 278 24
116 176 39
229 265 25
149 359 12
200 473 51
117 336 25
92 384 66
212 223 64
489 497 70
50 112 44
291 437 34
324 421 17
228 368 33
6 448 59
131 392 36
174 336 42
284 358 35
160 403 29
370 393 4
50 312 54
40 324 25
178 475 31
142 144 2
184 339 38
240 305 24
87 259 69
5 83 36
132 266 29
1 435 41
114 445 68
58 364 2
153 391 46
165 259 49
144 198 14
55 108 5
253 327 9
374 468 52
291 356 39
59 62 54
196 280 24
377 401 59
166 250 40
49 365 65
458 493 14
15 221 62
9 378 62
35 454 31
424 429 68
88 103 43
73 364 54
14 143 69
79 429 44
173 277 35
16 90 21
22 167 64
155 440 17
311 433 70
121 401 30
80 297 2
160 301 48
276 414 17
301 320 17
56 371 63
299 456 18
287 372 19
137 343 0
294 324 26
48 400 70
165 370 23
182 191 8
180 251 44
246 363 20
28 58 22
37 69 19
19 475 34
63 397 45
373 442 27
166 235 56
34 396 43
245 461 19
46 262 7
57 348 40
123 488 26
406 475 25
92 259 2
368 479 50
193 318 55
334 466 62
141 362 54
61 289 7
114 273 43
395 446 30
176 270 41
384 431 44
278 409 22
2 319 16
53 390 60
482 499 12
402 408 58
167 357 34
384 490 19
195 317 55
98 155 19
188 460 10
473 482 4
344 472 44
287 402 56
268 321 59
197 267 61
13 73 38
185 431 50
150 342 22
40 71 53
312 317 70
384 399 13
55 216 26
405 480 5
153 412 42
40 203 2
86 484 51
133 500 48
279 452 32
88 227 24
90 325 41
310 322 54
221 446 70
39 327 2
190 238 53
183 378 57
334 404 61
38 427 29
43 482 10
184 294 14
176 371 21
112 257 25
146 492 1
47 449 26
179 407 7
204 263 65
353 363 12
235 351 18
175 328 53
359 477 35
211 286 51
230 275 56
300 401 26
239 359 9
318 410 10
80 195 54
76 233 58
110 445 44
164 268 46
3 58 35
269 323 34
294 326 6
173 312 4
362 438 20
71 185 35
265 311 7
96 344 22
6 80 44
94 108 44
277 327 62
121 148 4
178 217 70
137 162 15
356 407 10
19 94 56
124 453 67
61 227 45
166 299 41
88 217 52
25 222 15
68 381 10
256 399 17
82 427 17
172 464 64
96 261 65
210 365 70
62 462 6
262 338 15
43 247 21
260 275 35
16 115 9
217 483 40
287 436 12
392 463 35
24 365 36
42 164 34
374 466 19
95 104 23
86 240 57
72 232 26
188 370 59
69 338 41
242 394 38
172 405 11
15 54 24
207 390 65
135 314 59
333 473 54
128 398 5
229 469 64
90 303 59
203 217 64
327 411 14
248 449 69
167 418 8
52 380 66
175 371 0
321 412 47
17 410 8
331 470 1
37 462 42
208 246 5
88 328 10
95 243 5
46 235 17
245 318 15
122 490 19
145 226 44
48 183 26
366 427 58
122 287 15
90 369 15
105 295 67
20 484 2
23 279 8
102 152 70
2 304 20
1 62 21
167 299 47
173 448 42
131 219 30
345 421 31
119 476 22
81 170 64
108 216 23
269 368 18
328 497 55
281 387 18
7 429 33
134 423 65
234 416 46
115 378 18
200 251 6
368 424 66
272 480 34
192 451 12
78 405 36
111 451 49
260 283 41
46 468 17
241 393 32
264 377 69
111 177 40
199 317 38
1 331 44
111 144 54
114 252 40
75 96 55
92 357 0
61 458 26
179 390 12
320 372 55
64 478 27
388 405 6
175 417 35
272 458 30
253 374 21
9 117 43
211 248 44
86 171 30
39 285 56
322 462 5
99 499 32
3 197 3
58 318 34
171 407 8
98 386 49
217 456 0
115 470 66
19 301 28
202 222 67
83 184 15
323 400 11
71 126 17
139 482 51
14 405 65
363 387 11
342 361 39
190 265 61
184 310 58
194 214 6
225 375 54
100 342 25
113 116 59
58 241 70
195 355 26
311 477 62
224 323 63
129 322 39
214 392 68
200 272 4
220 384 27
59 114 60
128 197 59
15 266 57
33 85 26
29 83 41
254 340 40
86 442 8
7 76 40
98 277 70
110 344 55
388 426 51
215 242 23
401 488 64
234 273 57
49 358 64
157 230 65
247 495 48
273 291 65
53 108 54
140 298 40
451 476 70
79 458 2
44 389 67
90 408 55
100 286 0
179 323 70
342 360 15
226 311 18
157 449 58
59 381 19
433 461 41
193 495 20
50 292 22
340 356 28
69 235 18
59 186 57
103 130 48
256 370 15
183 195 57
205 317 45
109 456 22
220 289 34
319 411 42
188 430 68
85 223 65
105 159 44
194 373 35
274 362 62
98 314 60
73 346 45
277 493 56
260 277 67
229 278 31
65 161 37
98 454 23
244 374 67
93 421 11
48 87 58
79 170 45
353 445 15
48 380 63
7 80 8
33 41 24
149 308 35
46 76 53
13 125 49
202 207 51
176 405 8
53 440 62
257 326 59
53 474 50
263 289 55
46 82 47
29 215 51
123 441 13
263 293 67
86 334 8
201 397 35
391 477 26
27 463 47
214 464 70
56 330 52
201 357 65
20 431 50
265 397 36
33 354 30
49 438 12
228 420 45
2 420 27
159 483 10
275 355 68
287 310 53
64 427 56
401 411 42
124 389 29
134 219 8
158 425 11
52 329 44
284 419 57
6 23 49
154 337 66
228 239 42
50 264 23
307 321 0
306 377 54
181 303 23
169 203 23
228 419 53
37 341 56
216 482 20
315 449 6
59 404 41
398 416 7
258 355 21
156 472 40
270 315 60
145 408 69
301 308 47
156 268 41
52 233 63
435 487 51
22 261 53
171 453 43
282 431 64
217 377 3
269 467 13
1 330 54
457 494 62
58 147 13
1 299 39
471 477 31
121 307 48
82 419 4
220 335 57
15 127 49
13 61 37
245 273 34
101 375 38
293 307 5
237 435 40
180 426 62
176 244 25
116 442 57
30 363 27
164 406 49
146 470 34
119 332 29
97 132 15
204 478 68
81 487 60
295 403 23
149 378 36
117 190 5
21 239 40
329 455 0
256 481 3
225 380 13
250 447 32
142 211 32
120 392 38
184 427 8
164 295 65
448 459 32
149 337 69
392 410 69
387 475 61
187 492 61
167 244 15
20 187 53
215 329 51
112 473 0
133 363 5
462 488 25
326 482 3
299 333 54
25 89 63
159 280 57
107 402 24
194 215 18
171 272 57
134 192 43
88 365 52
262 301 34
39 319 20
37 46 10
84 424 1
185 263 11
87 131 17
53 404 41
410 488 41
60 421 36
172 187 60
95 209 15
191 316 14
130 408 9
180 349 52
345 418 3
131 396 4
284 397 13
281 298 39
474 493 67
12 226 53
253 408 52
3 485 1
131 355 70
294 447 66
67 244 18
99 275 14
167 195 35
135 392 18
3 420 64
100 429 67
147 185 43
9 50 56
201 369 57
88 247 43
145 155 21
7 151 8
92 434 51
191 384 12
86 287 55
142 167 21
12 346 45
186 336 49
11 237 55
430 451 52
45 131 1
296 416 51
61 424 13
301 311 54
10 413 8
260 372 24
111 142 15
313 329 7
30 438 6
283 361 34
123 445 21
462 496 64
62 247 35
270 467 51
145 343 64
223 391 53
139 354 24
97 427 32
183 477 29
14 321 16
8 77 32
262 390 51
202 417 30
93 272 53
270 368 60
119 151 13
288 369 20
386 448 28
241 285 11
323 390 5
84 422 1
311 398 25
1 35 53
50 192 47
227 435 14
102 268 13
132 253 34
7 461 54
158 445 17
162 214 52
203 365 48
128 178 13
200 451 67
114 259 42
234 488 16
125 256 60
256 406 20
57 168 57
12 290 69
133 145 8
19 161 53
160 415 43
8 483 51
290 445 23
104 295 6
384 434 16
286 439 23
42 333 61
256 407 30
27 38 66
210 463 41
73 187 55
318 386 56
11 163 26
328 446 59
204 229 59
366 440 39
92 218 35
26 299 23
149 301 7
97 369 29
331 369 15
261 385 35
237 445 22
336 458 29
124 412 6
185 500 22
207 211 58
169 343 24
426 498 13
157 164 64
175 435 34
195 309 60
204 429 58
236 299 20
92 490 30
355 476 14
34 457 3
83 371 2
119 170 40
147 407 7
93 239 33
3 194 70
418 442 56
8 29 5
7 268 16
289 462 26
83 354 56
72 496 6
219 348 42
331 340 19
3 24 47
128 249 38
151 355 15
211 403 5
10 159 47
458 481 43
53 242 18
322 415 6
342 420 0
37 217 23
283 369 12
115 340 52
46 164 49
82 204 54
173 265 37
150 398 20
219 308 46
76 338 49
100 173 56
391 493 69
168 224 28
98 442 40
23 141 51
322 472 46
271 463 55
78 468 41
247 334 17
109 379 44
239 241 57
291 351 17
161 219 11
312 350 40
255 256 50
71 310 17
6 368 48
127 169 59
201 234 64
76 244 59
89 355 29
189 456 27
109 217 64
251 316 65
19 272 64
156 167 38
410 425 64
238 325 28
156 348 65
242 481 9
96 445 60
2 127 38
285 294 58
360 453 64
206 386 40
164 176 6
425 434 30
30 197 35
107 267 0
200 367 68
432 439 14
114 447 48
25 167 65
285 345 22
222 305 68
75 483 7
184 477 8
37 272 52
56 398 17
86 489 16
335 366 1
399 443 13
399 450 64
33 288 50
22 415 30
139 449 24
226 246 16
62 301 52
267 336 70
207 489 39
160 494 27
130 464 60
231 451 27
56 266 10
261 368 43
74 485 29
142 192 37
36 157 58
39 378 17
226 432 50
399 477 56
162 200 43
106 135 50
54 370 59
361 397 1
15 241 69
67 140 58
143 343 64
87 335 45
187 291 28
347 401 28
309 477 12
311 338 48
124 277 29
152 343 63
189 423 60
33 286 49
163 481 54
106 443 8
22 217 15
203 258 53
331 388 33
200 467 59
309 351 55
125 376 44
90 245 60
449 479 41
73 125 67
166 323 13
19 396 52
234 302 0
217 263 1
100 367 15
21 281 5
230 452 2
115 469 25
251 258 23
63 108 57
74 458 62
319 455 64
269 414 65
72 238 27
74 393 60
8 249 25
78 380 29
162 321 54
37 297 36
138 402 44
134 448 35
40 87 10
35 310 37
20 253 2
364 408 3
321 500 8
105 263 25
146 158 40
386 407 6
364 499 53
374 402 67
47 55 62
87 118 68
308 370 52
292 401 66
95 280 24
316 443 70
80 99 69
362 477 4
297 326 30
307 430 29
38 167 32
320 341 3
53 159 52
241 265 56
378 386 59
105 245 33
305 425 59
85 155 3
28 499 34
11 464 12
183 233 14
267 294 44
7 270 46
7 238 41
162 308 54
13 306 23
380 406 62
31 71 25
44 446 42
335 425 35
92 237 11
82 416 67
319 499 55
122 492 16
70 483 61
461 472 41
205 495 28
167 452 49
242 486 42
360 458 36
235 314 49
163 206 45
66 484 11
1 451 51
398 451 52
112 367 67
234 465 34
161 261 64
274 352 11
45 352 55
238 491 16
20 47 59
82 213 12
441 451 65
15 160 57
207 218 33
24 448 27
47 475 47
134 302 54
48 216 68
271 345 16
258 350 62
86 321 15
211 456 33
68 437 25
236 377 35
158 423 62
87 233 45
60 205 17
129 466 35
75 275 32
21 438 56
149 218 24
64 250 58
123 435 35
171 179 49
255 450 2
277 418 35
336 489 27
299 497 61
278 336 52
178 329 36
305 461 48
98 184 58
217 369 8
1 344 19
99 165 61
60 386 50
328 430 59
53 219 0
397 430 10
295 410 40
56 472 12
55 185 67
340 431 59
307 487 59
171 460 48
45 247 66
299 325 54
291 426 63
177 283 70
169 209 68
234 301 62
136 470 44
273 372 26
107 415 20
238 313 12
96 120 41
71 362 44
44 217 58
21 288 58
40 294 7
258 405 21
12 358 55
74 389 9
445 451 54
101 340 61
4 336 50
351 425 69
206 285 5
121 244 6
5 331 26
18 291 53
27 45 69
84 325 44
68 311 43
63 330 62
158 212 16
97 98 35
297 476 21
56 474 13
166 232 48
125 173 70
15 208 59
437 458 60
143 291 32
206 433 7
393 438 68
87 212 58
285 370 49
36 342 43
431 446 4
49 371 69
266 314 19
147 198 62
16 321 3
243 432 38
406 491 63
54 312 43
417 478 63
111 443 43
3 454 64
174 222 31
141 312 30
44 180 31
187 433 60
383 490 68
393 434 36
390 451 4
152 377 50
393 482 30
23 36 35
8 153 17
9 410 58
313 463 29
329 480 16
347 395 14
10 153 46
360 489 3
314 402 50
387 480 34
161 263 13
123 443 55
284 404 30
126 466 0
15 140 18
50 167 13
83 221 3
186 214 5
137 424 58
187 448 68
174 440 48
139 423 31
21 356 45
155 315 39
169 453 62
12 181 16
185 481 30
83 450 61
31 156 32
319 428 52
58 124 31
59 325 2
65 281 45
249 490 23
151 411 3
125 218 5
292 440 42
371 392 30
256 314 45
369 430 30
80 437 33
31 310 48
138 195 22
71 139 41
206 436 50
110 447 46
133 322 1
82 435 54
282 484 69
257 493 30
9 12 17
63 476 60
48 497 64
176 439 19
358 360 61
4 388 61
23 341 40
28 136 65
135 258 21
32 264 27
223 371 17
310 497 27
145 354 61
232 458 5
338 459 55
341 380 50
346 445 53
124 334 28
237 458 66
181 341 47
214 220 2
256 476 41
168 266 55
301 418 58
180 395 68
50 72 54
25 218 26
461 500 32
357 368 12
59 246 39
95 248 4
377 459 28
185 411 34
134 498 54
4 219 25
46 114 54
353 398 40
67 80 39
242 494 20
165 284 36
42 246 17
310 482 3
215 380 43
83 233 40
9 301 26
120 241 40
109 283 53
207 496 54
148 235 33
184 485 52
103 365 22
256 434 18
472 489 20
375 447 36
47 216 64
207 344 21
225 250 0
45 405 69
19 53 63
108 388 10
6 41 20
207 429 51
135 250 50
38 173 20
251 391 66
158 455 62
182 186 47
104 317 17
472 476 53
1 203 33
345 412 17
257 400 11
78 321 45
78 100 51
40 262 16
4 411 19
260 380 69
374 412 4
66 455 17
89 475 1
72 377 58
145 203 14
170 418 66
28 382 32
258 500 3
137 466 58
397 410 7
274 333 29
105 152 39
238 338 0
118 395 28
128 304 54
31 143 69
213 277 64
114 350 6
323 431 56
191 474 21
25 223 29
278 447 44
327 378 52
305 498 33
144 356 46
41 207 57
201 381 33
40 83 25
59 402 47
98 488 37
214 476 67
298 500 15
26 217 46
108 176 53
7 316 67
70 212 10
295 439 25
469 476 32
379 486 67
92 328 52
222 438 32
125 249 35
151 254 31
168 211 49
397 448 22
262 416 24
41 425 55
95 333 1
417 496 30
164 428 25
293 313 11
18 449 25
292 395 55
139 238 16
434 486 17
174 213 66
132 277 9
461 478 4
192 499 33
169 175 54
2 184 51
23 155 42
314 358 47
303 355 16
410 456 70
191 361 41
28 115 16
466 473 9
235 428 37
169 445 37
325 435 24
148 224 29
48 190 58
386 457 16
71 288 28
100 245 3
115 151 7
133 223 64
132 395 32
93 285 6
114 286 52
101 350 66
158 487 24
264 431 7
288 392 25
158 269 36
145 350 61
167 332 48
20 198 36
169 229 51
69 410 14
123 220 47
316 449 58
69 225 19
40 265 10
92 174 62
52 171 70
196 205 34
81 120 45
19 173 66
229 239 52
242 477 52
134 463 66
13 463 22
163 253 40
105 144 8
135 163 4
134 329 40
214 227 15
53 161 18
9 365 34
337 339 49
61 131 36
103 173 36
23 235 68
11 235 44
266 474 7
50 156 16
146 439 5
257 391 47
40 463 48
289 409 6
150 468 68
315 370 70
437 484 64
423 464 34
74 439 60
104 198 3
245 462 18
56 140 32
20 120 22
27 96 59
388 451 16
21 494 44
143 266 46
246 319 34
3 319 41
36 466 58
57 390 44
189 303 54
69 157 11
27 233 54
152 176 3
428 482 43
240 366 8
25 486 63
170 237 40
42 111 36
72 245 8
4 196 17
396 443 69
225 245 49
134 462 3
246 292 27
24 216 26
14 211 49
104 248 15
13 278 18
200 420 48
98 130 40
159 179 63
161 251 63
174 360 29
68 386 16
52 462 11
327 369 45
100 330 31
53 135 61
337 496 6
366 457 58
263 364 3
58 300 32
451 499 10
149 159 4
343 431 15
120 352 28
92 368 48
129 224 33
77 385 9
296 320 13
45 489 19
340 386 14
136 255 1
180 420 12
38 407 49
100 361 0
168 271 22
240 394 58
86 254 9
18 241 69
61 243 63
154 228 23
3 5 42
300 324 57
68 191 6
215 354 24
149 184 43
215 317 57
297 308 20
246 477 59
309 475 41
127 323 44
170 256 23
241 405 31
239 496 36
204 285 5
175 356 54
258 335 67
99 468 62
57 72 30
25 407 41
243 398 15
155 492 47
51 178 34
22 173 41
44 231 11
196 384 53
181 301 5
174 277 51
102 415 52
140 430 70
100 312 16
219 275 13
91 157 8
166 473 3
194 268 61
