4000 8 8000 4000
3592
969
3083
3596
302
2037
3451
3903
3596 3083 96
3083 2037 56
2037 3451 47
3451 302 18
302 969 82
969 3903 97
3903 3592 86
3592 3193 41
3193 676 90
676 1171 35
1171 2226 60
2226 3163 46
3163 2665 19
2665 3705 88
3705 2698 38
2698 2703 100
2703 2315 3
2315 3441 19
3441 2631 87
2631 2424 19
2424 137 39
137 2550 92
2550 3198 21
3198 2259 14
2259 1039 88
1039 2906 5
2906 931 92
931 3060 5
3060 962 100
962 2021 55
2021 999 83
999 4000 74
4000 725 66
725 599 45
599 2343 64
2343 283 64
283 320 52
320 2398 13
2398 923 92
923 2184 63
2184 1344 79
1344 2010 16
2010 1562 24
1562 106 39
106 2530 91
2530 3615 87
3615 3822 67
3822 2143 39
2143 32 19
32 700 85
700 732 45
732 1819 8
1819 3417 77
3417 2571 92
2571 1970 76
1970 3249 95
3249 665 8
665 3080 35
3080 529 10
529 3333 13
3333 1944 56
1944 2634 40
2634 420 70
420 2907 72
2907 2752 0
2752 1070 84
1070 1855 64
1855 2947 66
2947 2272 3
2272 3856 3
3856 3174 99
3174 3669 39
3669 2131 51
2131 3675 60
3675 1105 22
1105 2683 3
2683 3289 54
3289 2672 83
2672 611 37
611 913 80
913 918 80
918 2814 3
2814 3494 7
3494 119 11
119 683 22
683 3971 56
3971 1935 50
1935 2067 70
2067 3169 45
3169 2874 86
2874 698 33
698 3009 63
3009 2526 22
2526 349 90
349 3468 13
3468 1376 26
1376 934 67
934 2557 80
2557 1868 62
1868 872 27
872 2289 5
2289 644 15
644 2324 30
2324 2263 53
2263 3180 43
3180 2471 94
2471 1932 68
1932 1136 50
1136 3498 47
3498 2592 76
2592 2968 32
2968 3170 32
3170 1293 51
1293 1911 73
1911 161 35
161 3593 83
3593 2990 27
2990 1387 75
1387 937 55
937 1714 42
1714 1736 77
1736 3133 32
3133 2675 26
2675 3313 64
3313 3638 3
3638 2129 42
2129 2805 68
2805 1806 82
1806 3055 17
3055 2454 84
2454 3974 96
3974 3155 69
3155 3531 63
3531 1339 46
1339 1697 9
1697 2071 9
2071 3589 54
3589 2300 56
2300 1183 62
1183 3203 98
3203 3323 81
3323 3480 42
3480 3515 56
3515 2674 21
2674 3037 33
3037 307 54
307 3713 15
3713 1489 25
1489 3483 85
3483 2747 32
2747 2032 1
2032 538 79
538 3667 10
3667 2285 19
2285 1497 26
1497 116 100
116 2598 65
2598 2270 21
2270 1259 34
1259 3504 27
3504 3399 94
3399 914 98
914 566 85
566 3026 25
3026 3561 86
3561 123 83
123 2977 11
2977 2789 17
2789 695 94
695 2785 46
2785 3537 82
3537 1778 40
1778 879 1
879 1821 45
1821 3018 86
3018 2275 90
2275 242 23
242 1004 78
1004 1525 37
1525 2001 89
2001 3325 31
3325 3649 25
3649 1636 45
1636 1496 40
1496 174 64
174 1982 88
1982 3161 70
3161 3837 98
3837 2740 0
2740 3930 64
3930 158 33
158 3342 95
3342 3529 73
3529 629 10
629 2506 9
2506 1329 30
1329 1922 35
1922 208 71
208 1773 44
1773 3708 5
3708 3731 86
3731 3240 47
3240 2670 3
2670 1605 47
1605 1604 42
1604 1288 52
1288 662 11
662 402 32
402 364 36
364 3071 37
3071 3091 22
3091 3781 61
3781 1916 21
1916 1521 95
1521 2921 72
2921 3437 96
3437 514 53
514 2331 46
2331 1972 50
1972 3258 81
3258 2417 14
2417 1791 4
1791 3457 30
3457 3715 41
3715 3416 80
3416 558 23
558 2903 65
2903 2338 14
2338 2806 49
2806 1603 65
1603 2153 30
2153 2012 61
2012 246 70
246 1939 10
1939 2605 86
2605 702 71
702 973 38
973 1580 12
1580 675 56
675 1809 7
1809 2408 19
2408 2199 91
2199 2587 82
2587 1072 84
1072 321 28
321 907 6
907 1395 92
1395 1698 31
1698 143 28
143 2084 52
2084 1133 0
1133 2273 79
2273 509 23
509 3686 9
3686 156 100
156 841 9
841 1428 35
1428 2390 19
2390 333 88
333 3542 86
3542 1211 56
1211 2739 74
2739 3030 61
3030 2648 74
2648 467 54
467 2829 51
2829 1223 44
1223 3068 72
3068 806 43
806 3054 98
3054 3382 23
3382 3767 47
3767 3707 94
3707 945 43
945 3846 7
3846 3624 19
3624 2447 86
2447 3900 27
3900 3920 32
3920 3175 79
3175 1005 17
1005 639 2
639 285 97
285 73 83
73 2917 2
2917 1761 70
1761 2911 43
2911 2684 26
2684 1104 77
1104 2941 69
2941 3 89
3 1067 43
1067 1077 69
1077 2846 97
2846 3332 45
3332 3741 88
3741 1906 49
1906 750 83
750 1494 3
1494 20 47
20 1439 34
1439 3641 20
3641 600 28
600 1760 95
1760 3261 51
3261 3983 99
3983 909 55
909 2802 13
2802 1083 17
1083 1798 44
1798 544 21
544 3612 79
3612 3977 62
3977 95 71
95 1187 13
1187 3123 25
3123 146 45
146 2265 11
2265 2136 79
2136 476 52
476 850 40
850 17 5
17 2591 55
2591 1463 28
1463 2614 74
2614 1576 6
1576 3962 7
3962 1962 4
1962 2325 46
2325 1807 36
1807 2809 1
2809 2825 33
2825 555 82
555 1338 72
1338 954 99
954 1859 50
1859 7 37
7 1300 71
1300 74 17
74 373 86
373 1793 73
1793 678 58
678 210 76
210 2632 48
2632 2427 46
2427 1941 93
1941 1177 87
1177 3136 76
3136 2373 39
2373 343 64
343 3210 15
3210 205 18
205 141 84
141 865 43
865 2981 66
2981 1643 69
1643 635 28
635 1896 54
1896 2758 36
2758 2186 17
2186 3227 6
3227 1476 92
1476 1621 18
1621 1151 25
1151 1666 16
1666 3899 5
3899 2644 84
2644 971 21
971 2743 36
2743 3644 44
3644 617 64
617 1423 48
1423 2767 47
2767 709 15
709 1715 67
1715 96 59
96 237 53
237 3346 6
3346 3052 12
3052 2836 56
2836 1051 31
1051 3885 4
3885 3235 15
3235 8 85
8 2007 19
2007 2126 5
2126 474 8
474 3785 100
3785 3585 56
3585 1711 66
1711 987 4
987 2261 4
2261 259 16
259 2372 13
2372 735 45
735 2158 25
2158 1141 68
1141 851 25
851 3533 19
3533 2613 30
2613 1302 2
1302 2728 7
2728 200 88
200 403 6
403 2445 70
2445 521 30
521 1442 43
1442 1096 79
1096 1799 20
1799 2431 7
2431 933 86
933 456 41
456 3845 22
3845 2 35
2 2220 67
2220 505 48
505 1777 79
1777 3722 37
3722 2081 48
2081 414 67
414 1656 90
1656 419 12
419 3945 56
3945 1112 20
1112 2092 79
2092 1822 15
1822 2013 39
2013 2333 49
2333 2414 27
2414 2999 17
2999 3853 77
3853 3815 19
3815 18 25
18 878 53
878 2791 34
2791 293 61
293 339 47
339 421 31
421 1706 50
1706 1514 54
1514 2712 17
2712 26 58
26 655 69
655 867 91
867 3105 36
3105 3566 27
3566 722 80
722 3697 16
3697 2548 53
2548 338 9
338 3347 18
3347 3570 15
3570 2734 35
2734 2095 22
2095 269 62
269 775 22
775 1175 92
1175 2692 90
2692 230 27
230 3120 14
3120 2378 0
2378 2817 9
2817 604 70
604 2164 59
2164 3867 80
3867 450 26
450 3300 35
3300 49 59
49 3096 20
3096 2111 54
2111 1351 78
1351 2776 86
2776 1826 4
1826 951 33
951 2102 100
2102 894 52
894 3509 79
3509 3605 67
3605 2693 47
2693 3830 41
3830 2729 16
2729 1533 73
1533 3812 22
3812 1021 24
1021 885 95
885 3426 73
3426 1408 19
1408 3239 70
3239 2773 8
2773 681 4
681 2464 53
2464 3098 47
3098 1823 44
1823 613 84
613 2821 40
2821 2878 0
2878 3791 19
3791 3493 43
3493 765 64
765 380 81
380 3050 10
3050 1591 94
1591 3111 37
3111 284 69
284 2555 74
2555 3443 72
3443 1874 61
1874 3045 91
3045 1019 8
1019 3676 10
3676 1386 4
1386 932 13
932 1776 42
1776 1238 77
1238 1588 2
1588 3765 54
3765 3773 60
3773 1215 85
1215 12 86
12 2504 21
2504 2178 97
2178 786 93
786 2654 49
2654 3125 57
3125 1766 9
1766 2657 54
2657 25 13
25 1883 7
1883 37 46
37 1333 1
1333 2984 100
2984 3620 10
3620 761 86
761 930 76
930 482 56
482 2389 8
2389 3759 89
3759 2885 54
2885 1121 3
1121 497 24
497 713 45
713 1101 4
1101 992 2
992 614 58
614 947 75
947 485 10
485 1559 47
1559 1960 35
1960 318 99
318 2494 39
2494 1380 37
1380 480 44
480 1526 97
1526 1699 52
1699 3085 55
3085 3074 36
3074 967 81
967 3755 52
3755 2608 9
2608 2354 50
2354 2525 20
2525 2939 5
2939 2096 6
2096 3523 33
3523 1216 50
1216 61 99
61 2659 86
2659 1754 77
1754 567 66
567 564 1
564 10 39
10 1753 93
1753 2091 27
2091 53 5
53 2611 11
2611 1464 88
1464 3594 75
3594 2713 74
2713 3906 62
3906 2590 63
2590 3634 30
3634 2441 97
2441 2266 5
2266 1857 41
1857 1573 61
1573 2314 23
2314 1162 49
1162 477 21
477 3723 55
3723 3268 47
3268 63 58
63 3259 34
3259 968 61
968 2673 55
2673 2254 58
2254 2810 24
2810 460 97
460 2348 54
2348 3935 58
3935 362 67
362 3532 13
3532 3132 96
3132 381 14
381 605 91
605 3344 82
3344 1980 11
1980 1831 59
1831 2918 63
2918 231 9
231 1365 14
1365 3557 46
3557 2813 4
2813 1375 13
1375 3351 90
3351 455 85
455 3110 62
3110 853 29
853 240 58
240 785 96
785 3794 35
3794 760 97
760 3019 93
3019 1111 36
1111 2706 5
2706 465 34
465 1581 46
1581 3670 96
3670 1637 80
1637 2128 79
2128 2726 9
2726 1251 33
1251 1614 1
1614 3803 74
3803 3842 79
3842 3179 41
3179 908 18
908 1837 40
1837 1422 56
1422 196 30
196 3874 83
3874 1966 44
1966 2690 15
2690 2477 6
2477 1498 46
1498 2255 38
2255 2808 62
2808 1505 31
1505 882 49
882 2035 7
2035 3994 51
3994 3286 99
3286 1907 42
1907 3317 82
3317 150 29
150 83 27
83 936 15
936 1320 10
1320 3197 57
3197 1577 37
1577 3665 2
3665 664 100
664 1124 16
1124 631 84
631 3699 15
3699 2026 52
2026 16 74
16 1873 51
1873 1908 10
1908 3023 63
3023 1374 85
1374 1441 10
1441 958 64
958 1354 24
1354 1704 16
1704 2175 81
2175 2276 65
2276 3955 100
3955 1600 56
1600 3916 19
3916 1088 30
1088 1511 31
1511 2193 65
2193 2558 43
2558 3725 66
3725 1797 18
1797 3721 69
3721 799 20
799 35 98
35 2407 70
2407 3363 94
3363 1707 70
1707 278 24
278 3299 18
3299 3779 85
3779 3797 84
3797 1061 21
1061 1904 33
1904 2040 3
2040 3348 1
3348 2769 30
2769 1262 21
1262 393 81
393 2036 82
2036 2307 85
2307 86 39
86 3627 2
3627 3807 83
3807 1927 73
1927 2738 88
2738 1748 64
1748 734 97
734 1240 54
1240 281 43
281 1131 45
1131 2569 52
2569 1820 40
1820 331 28
331 2157 93
2157 1619 83
1619 2234 81
2234 271 97
271 808 1
808 728 36
728 1290 66
1290 376 58
376 550 72
550 2401 80
2401 2155 78
2155 3871 36
3871 1385 6
1385 991 86
991 181 34
181 3737 80
3737 1025 19
1025 464 67
464 2695 91
2695 616 100
616 2756 27
2756 3200 24
3200 3635 50
3635 1360 47
1360 3129 90
3129 3893 86
3893 483 3
483 899 49
899 1596 89
1596 3257 56
3257 1817 77
1817 413 68
413 3315 79
3315 412 91
412 667 62
667 2979 17
2979 840 33
840 1926 43
1926 3185 74
3185 1356 86
1356 3048 79
3048 3266 81
3266 946 39
946 3534 88
3534 2422 47
2422 2819 69
2819 628 20
628 2853 50
2853 1093 56
1093 956 54
956 3610 70
3610 3642 46
3642 715 13
715 1999 87
1999 3444 53
3444 2622 76
2622 1016 88
1016 2816 96
2816 1503 30
1503 436 77
436 3724 99
3724 3092 42
3092 3218 26
3218 3280 80
3280 3194 68
3194 1424 98
1424 2124 43
2124 2827 56
2827 1914 0
1914 434 38
434 2396 50
2396 1 2
1 2243 11
2243 108 82
108 3883 46
3883 838 12
838 3352 63
3352 481 24
481 3297 44
3297 764 98
764 1279 90
1279 58 30
58 2257 71
2257 3777 1
3777 276 33
276 2820 84
2820 1388 76
1388 3077 78
3077 2098 8
2098 2762 5
2762 3424 47
3424 2724 52
2724 981 3
981 218 26
218 769 20
769 1865 39
1865 342 97
342 2116 31
2116 2980 59
2980 128 21
128 1452 26
1452 3088 92
3088 3034 12
3034 125 88
125 2534 96
2534 1483 6
1483 1693 65
1693 1261 13
1261 3380 4
3380 3094 38
3094 1176 28
1176 78 46
78 288 88
288 2770 83
2770 224 20
224 1650 6
1650 3851 37
3851 2822 10
2822 1500 20
1500 736 70
736 719 28
719 3025 23
3025 1893 16
1893 2547 74
2547 1771 48
1771 3583 30
3583 443 96
443 2123 32
2123 3839 70
3839 76 23
76 3308 98
3308 3051 51
3051 2612 2
2612 733 96
733 3608 54
3608 2099 54
2099 378 38
378 1879 8
1879 1312 68
1312 686 95
686 2818 6
2818 1094 62
1094 3819 88
3819 1451 11
1451 723 90
723 2963 68
2963 1984 87
1984 584 41
584 3548 51
3548 1190 15
1190 1747 90
1747 2332 89
2332 2319 93
2319 3891 14
3891 941 23
941 3857 99
3857 1783 63
1783 2901 95
2901 986 59
986 1287 48
1287 272 76
272 309 17
309 3581 39
3581 2927 79
2927 2578 98
2578 1850 94
1850 926 54
926 3942 24
3942 3400 1
3400 2887 40
2887 1678 61
1678 3418 83
3418 3926 71
3926 2296 20
2296 1283 84
1283 1284 23
1284 3355 100
3355 1759 4
1759 1814 6
1814 528 88
528 3630 82
3630 2119 31
2119 2865 87
2865 1825 42
1825 2529 71
2529 1027 34
1027 1277 17
1277 897 78
897 1976 73
1976 661 45
661 848 38
848 2691 5
2691 2456 54
2456 1046 49
1046 3662 50
3662 783 33
783 2993 13
2993 98 90
98 1841 84
1841 3987 10
3987 3997 9
3997 244 55
244 2536 0
2536 1646 5
1646 2293 60
2293 1864 93
1864 2828 76
2828 1345 93
1345 3490 61
3490 2957 48
2957 1213 19
1213 3804 12
3804 2580 13
2580 741 78
741 1159 0
1159 439 72
439 3254 97
3254 3223 41
3223 2120 17
2120 3898 12
3898 327 82
327 636 87
636 3047 14
3047 2976 98
2976 2402 29
2402 1000 71
1000 1447 31
1447 1127 16
1127 115 20
115 2218 55
2218 3272 67
3272 3364 80
3364 2052 53
2052 3905 8
3905 1248 7
1248 3412 17
3412 3191 70
3191 1594 88
1594 3802 49
3802 2060 56
2060 1076 53
1076 1658 14
1658 1037 38
1037 472 3
472 2730 53
2730 1421 62
1421 1267 10
1267 214 99
214 42 40
42 2310 65
2310 2327 53
2327 176 1
176 3301 29
3301 2003 23
2003 2210 7
2210 3574 58
3574 3993 49
3993 1683 75
1683 2318 34
2318 2056 5
2056 3089 32
3089 1233 47
1233 814 68
814 2795 33
2795 3633 93
3633 2181 89
2181 3140 21
3140 2016 3
2016 2240 39
2240 1524 81
1524 3477 75
3477 843 21
843 3343 71
3343 1710 40
1710 3072 69
3072 3876 58
3876 1119 1
1119 1700 93
1700 1719 16
1719 3079 52
3079 3000 80
3000 3385 34
3385 1107 39
1107 79 83
79 228 48
228 3038 79
3038 2784 61
2784 2779 27
2779 3142 79
3142 545 4
545 1207 45
1207 1779 34
1779 1149 14
1149 779 30
779 3614 93
3614 1522 6
1522 3535 74
3535 3747 84
3747 2397 60
2397 461 69
461 816 51
816 447 53
447 2145 76
2145 624 85
624 3481 18
3481 2781 36
2781 2149 6
2149 292 34
292 351 58
351 1520 11
1520 1990 60
1990 1205 51
1205 804 20
804 2121 81
2121 2017 2
2017 2880 31
2880 746 57
746 1772 16
1772 463 91
463 2246 23
2246 57 17
57 3934 62
3934 3396 60
3396 2668 90
2668 185 19
185 3719 1
3719 2041 23
2041 1189 50
1189 238 24
238 2633 5
2633 868 33
868 3095 79
3095 1445 63
1445 2112 71
2112 809 25
809 1389 67
1389 3135 1
3135 1830 30
1830 1382 97
1382 3156 29
3156 2643 79
2643 127 97
127 3995 58
3995 1474 17
1474 2800 38
2800 114 3
114 3564 41
3564 2942 79
2942 39 62
39 3541 89
3541 1299 66
1299 2689 72
2689 2170 41
2170 1144 73
1144 3476 85
3476 2188 85
2188 1086 76
1086 886 35
886 1523 82
1523 2412 33
2412 1074 12
1074 3687 45
3687 1988 75
1988 1516 10
1516 3706 46
3706 2214 2
2214 3053 71
3053 1410 54
1410 1568 13
1568 1549 85
1549 920 45
920 1691 41
1691 1504 13
1504 2876 26
2876 754 86
754 3058 78
3058 3028 61
3028 422 72
422 2385 65
2385 1740 4
1740 883 35
883 3890 15
3890 1036 16
1036 1249 29
1249 610 96
610 470 55
470 2469 39
2469 1723 92
1723 401 56
401 3166 24
3166 290 62
290 1937 14
1937 563 51
563 2006 49
2006 1018 87
1018 2211 84
2211 1751 84
1751 1534 2
1534 3510 79
3510 370 65
370 1100 94
1100 697 83
697 2410 30
2410 406 38
406 3362 77
3362 3573 100
3573 395 19
395 1181 36
1181 2489 61
2489 866 43
866 1979 12
1979 1454 1
1454 751 35
751 2249 4
2249 2476 66
2476 3294 3
3294 52 54
52 2022 56
2022 3248 37
3248 2700 13
2700 574 76
574 2438 70
2438 3006 48
3006 2286 21
2286 2356 51
2356 3959 40
3959 2589 13
2589 1625 90
1625 2511 4
2511 386 66
386 3143 66
3143 99 2
99 1991 52
1991 2201 19
2201 2302 85
2302 336 11
336 691 6
691 3165 99
3165 3988 37
3988 3114 56
3114 163 91
163 2546 99
2546 2208 4
2208 1108 13
1108 2387 43
2387 2824 49
2824 3226 12
3226 3376 57
3376 1920 32
1920 3813 9
3813 2162 54
2162 2870 86
2870 1661 46
1661 3918 84
3918 2059 20
2059 811 92
811 3946 63
3946 2989 91
2989 561 12
561 1925 12
1925 2455 69
2455 3303 65
3303 3720 36
3720 1587 20
1587 3603 61
3603 2904 64
2904 3413 68
3413 1735 63
1735 977 60
977 2855 29
2855 3538 79
3538 3075 67
3075 180 21
180 3035 80
3035 747 22
747 647 25
647 2364 78
2364 2871 84
2871 627 57
627 870 6
870 1429 13
1429 3499 21
3499 3778 69
3778 1579 49
1579 2287 82
2287 60 8
60 1499 50
1499 2944 71
2944 3341 7
3341 2174 96
2174 2998 28
2998 1336 21
1336 3354 56
3354 2468 47
2468 2505 35
2505 350 20
350 3205 44
3205 578 79
578 1946 10
1946 1285 2
1285 3148 7
3148 1058 11
1058 3895 71
3895 3359 97
3359 66 31
66 82 57
82 3914 29
3914 1117 71
1117 1668 17
1668 2094 90
2094 1292 26
1292 1784 80
1784 1145 90
1145 2140 22
2140 3809 72
3809 1804 44
1804 2600 95
2600 2925 89
2925 2920 88
2920 1815 20
1815 3337 8
3337 2237 25
2237 254 33
254 1265 90
1265 3153 100
3153 304 11
304 2264 80
2264 469 41
469 2329 24
2329 3956 24
3956 407 38
407 1648 76
1648 1532 73
1532 1419 64
1419 1949 62
1949 466 24
466 2288 92
2288 2008 88
2008 372 20
372 3571 15
3571 884 93
884 3282 56
3282 1245 13
1245 3057 77
3057 1095 4
1095 3692 61
3692 3617 92
3617 2838 2
2838 2251 40
2251 856 56
856 3199 50
3199 2031 50
2031 367 39
367 959 95
959 2844 2
2844 1889 89
1889 1732 48
1732 1047 48
1047 249 44
249 2280 83
2280 798 36
798 568 62
568 3816 31
3816 3070 73
3070 2626 43
2626 1188 1
1188 3513 92
3513 3727 34
3727 910 47
910 2922 91
2922 2217 21
2217 2858 72
2858 2888 37
2888 3704 81
3704 504 28
504 3949 83
3949 43 50
43 2519 51
2519 133 66
133 1606 34
1606 912 46
912 160 5
160 3579 6
3579 84 82
84 989 30
989 1214 53
1214 2034 57
2034 927 52
927 2207 15
2207 2523 80
2523 3173 45
3173 964 91
964 3780 51
3780 2434 68
2434 234 38
234 3217 81
3217 2652 45
2652 1584 72
1584 990 84
990 3805 41
3805 261 51
261 1705 37
1705 1154 33
1154 1123 41
1123 3221 6
3221 2182 7
2182 919 68
919 3340 16
3340 2510 91
2510 2595 33
2595 1880 41
1880 1218 37
1218 189 1
189 515 88
515 3947 18
3947 3330 47
3330 2964 84
2964 1782 5
1782 955 81
955 2479 97
2479 2682 44
2682 2910 74
2910 1721 47
1721 1379 78
1379 3742 14
3742 2054 4
2054 2073 2
2073 147 96
147 3910 14
3910 653 4
653 1430 75
1430 1892 13
1892 1627 76
1627 1942 41
1942 1325 19
1325 1575 18
1575 1848 22
1848 2751 3
2751 3757 69
3757 1517 56
1517 3066 88
3066 2236 41
2236 1689 11
1689 1552 94
1552 3278 40
3278 2686 95
2686 2753 30
2753 3877 95
3877 3236 24
3236 3550 21
3550 3277 66
3277 1296 77
1296 3698 84
3698 1928 45
1928 335 51
335 1528 47
1528 3917 79
3917 1054 15
1054 1146 96
1146 423 56
423 2933 45
2933 121 73
121 2486 2
2486 1530 70
1530 1897 57
1897 3423 20
3423 2804 65
2804 693 15
693 2177 7
2177 1612 3
1612 1829 4
1829 607 1
607 3356 94
3356 2379 74
2379 3087 37
3087 3430 66
3430 1818 45
1818 1280 2
1280 199 9
199 2748 92
2748 1690 57
1690 768 34
768 1394 61
1394 1615 45
1615 352 62
352 2229 86
2229 3921 32
3921 1364 67
1364 3582 22
3582 3702 67
3702 192 16
192 1737 99
1737 375 86
375 3866 55
3866 2599 39
2599 3654 33
3654 3897 73
3897 3944 0
3944 2301 9
2301 2807 96
2807 442 0
442 1404 80
1404 1796 22
1796 3049 22
3049 3008 28
3008 216 47
216 1367 78
1367 901 12
901 2551 45
2551 3567 31
3567 1222 63
1222 890 21
890 2638 79
2638 3460 80
3460 1228 85
1228 2109 46
2109 2336 23
2336 952 71
952 219 66
219 2593 52
2593 790 23
790 993 3
993 1724 71
1724 511 89
511 1409 67
1409 3181 18
3181 2222 76
2222 3586 78
3586 2176 58
2176 1495 13
1495 996 68
996 390 79
390 2745 94
2745 2879 74
2879 188 52
188 322 67
322 2139 100
2139 3863 16
3863 3007 12
3007 3182 89
3182 744 34
744 1398 90
1398 2196 88
2196 3189 52
3189 1457 53
1457 3663 32
3663 118 32
118 2570 88
2570 2351 83
2351 169 77
169 517 99
517 1059 38
1059 646 11
646 2277 65
2277 789 87
789 3735 21
3735 522 94
522 755 30
755 1120 83
1120 2195 23
2195 5 94
5 726 49
726 1478 10
1478 1502 2
1502 2072 97
2072 3626 79
3626 1862 74
1862 2782 85
2782 3628 1
3628 3938 18
3938 2284 72
2284 2884 10
2884 1273 92
1273 1295 53
1295 2169 15
2169 3335 41
3335 2649 10
2649 842 73
842 2568 54
2568 3623 14
3623 598 69
598 2371 59
2371 2849 80
2849 2478 5
2478 170 27
170 41 34
41 1078 9
1078 1234 84
1234 3835 82
3835 3792 41
3792 1378 19
1378 3022 70
3022 2049 40
2049 2206 7
2206 3770 69
3770 1264 76
1264 526 37
526 2462 51
2462 2678 60
2678 3336 25
3336 1403 52
1403 2897 8
2897 3648 12
3648 1109 50
1109 2860 28
2860 3539 90
3539 1407 81
1407 1703 22
1703 3214 70
3214 2796 9
2796 589 56
589 171 74
171 1069 20
1069 2625 21
2625 767 22
767 2768 37
2768 1334 75
1334 2775 15
2775 2650 70
2650 2436 52
2436 1475 54
1475 1512 87
1512 2231 64
2231 718 83
718 1788 60
1788 3220 7
3220 2065 81
2065 139 100
139 1079 72
1079 80 33
80 145 25
145 3432 83
3432 2894 64
2894 3383 27
3383 2577 37
2577 2794 28
2794 712 34
712 1671 72
1671 3503 42
3503 1352 10
1352 211 64
211 2375 19
2375 3703 43
3703 1294 27
1294 1335 68
1335 429 74
429 2002 53
2002 3828 11
3828 2030 22
2030 1767 9
1767 2490 44
2490 3304 59
3304 3961 70
3961 674 60
674 1992 4
1992 1427 57
1427 3577 82
3577 869 50
869 1084 11
1084 3491 78
3491 518 12
518 2759 0
2759 2899 58
2899 1436 82
1436 1733 9
1733 2418 88
2418 2200 27
2200 3090 73
3090 1433 70
1433 1745 27
1745 1727 85
1727 3678 79
3678 1951 90
1951 3700 67
3700 556 52
556 3086 92
3086 2961 40
2961 2238 2
2238 3811 64
3811 2451 39
2451 1373 19
1373 3338 93
3338 2281 42
2281 195 37
195 2935 0
2935 2830 80
2830 3015 61
3015 1068 49
1068 815 89
815 2316 72
2316 3540 22
3540 1531 0
1531 634 14
634 3013 94
3013 575 87
575 3850 81
3850 3405 8
3405 3562 40
3562 2771 36
2771 2110 86
2110 2985 92
2985 289 43
289 2642 72
2642 2863 46
2863 2969 52
2969 2959 74
2959 2988 48
2988 2042 82
2042 1574 19
1574 753 52
753 64 59
64 2763 80
2763 1310 54
1310 1816 83
1816 3823 55
3823 1654 84
1654 59 86
59 206 39
206 976 51
976 2854 42
2854 1676 31
1676 3710 16
3710 1647 46
1647 1092 40
1092 3986 18
3986 1350 40
1350 1652 75
1652 328 49
328 1875 68
1875 263 81
263 1694 33
1694 2317 5
2317 3324 27
3324 315 16
315 3318 9
3318 1572 76
1572 742 40
742 3390 89
3390 1998 24
1998 1212 42
1212 3230 24
3230 651 94
651 1317 75
1317 1275 77
1275 1186 23
1186 2567 7
2567 2148 89
2148 524 74
524 3552 32
3552 663 54
663 2108 4
2108 3911 36
3911 1756 45
1756 1686 8
1686 2788 56
2788 1515 53
1515 642 16
642 2541 47
2541 3677 18
3677 1340 17
1340 3020 10
3020 911 26
911 319 50
319 2216 81
2216 1438 16
1438 757 56
757 2262 0
2262 1492 82
1492 3793 49
3793 873 76
873 1672 59
1672 871 47
871 391 13
391 2330 84
2330 3800 96
3800 3138 74
3138 256 66
256 2360 63
2360 1147 37
1147 1235 37
1235 1481 15
1481 3760 68
3760 3219 91
3219 2704 81
2704 1709 40
1709 2714 34
2714 2159 35
2159 2416 47
2416 1948 9
1948 1231 47
1231 1547 57
1547 2363 63
2363 1775 68
1775 2141 3
2141 1278 62
1278 295 60
295 2079 57
2079 3650 0
3650 2381 51
2381 2146 20
2146 1417 8
1417 796 59
796 3373 52
3373 3646 32
3646 3766 32
3766 3429 88
3429 1198 18
1198 826 53
826 1193 77
1193 3447 57
3447 1050 10
1050 371 40
371 3978 44
3978 2995 6
2995 2676 8
2676 70 83
70 720 40
720 202 12
202 1595 35
1595 1391 55
1391 2956 61
2956 3922 48
3922 1298 87
1298 1762 83
1762 1635 85
1635 621 35
621 258 51
258 714 91
714 1456 92
1456 3260 89
3260 1217 38
1217 1884 90
1884 2952 38
2952 3568 71
3568 1877 40
1877 1863 44
1863 3209 64
3209 2303 34
2303 630 79
630 222 68
222 708 25
708 3461 19
3461 182 97
182 2757 39
2757 1555 61
1555 346 37
346 1180 61
1180 1741 86
1741 1035 61
1035 560 25
560 2707 31
2707 1613 70
1613 3754 47
3754 2089 36
2089 3404 20
3404 1861 27
1861 2719 48
2719 2731 100
2731 87 65
87 2606 2
2606 3463 0
3463 48 0
48 3312 35
3312 2444 89
2444 3939 64
3939 1701 85
1701 4 66
4 638 1
638 3316 12
3316 1967 88
1967 1203 68
1203 2125 98
2125 154 9
154 1657 30
1657 3056 29
3056 660 66
660 1583 19
1583 2658 24
2658 1858 53
1858 1080 29
1080 2323 25
2323 2137 86
2137 995 54
995 3253 85
3253 2528 34
2528 938 24
938 3844 15
3844 2772 30
2772 2183 47
2183 3471 60
3471 3158 83
3158 3547 85
3547 756 71
756 345 55
345 220 78
220 3274 64
3274 3695 34
3695 2655 19
2655 2239 78
2239 3655 15
3655 2619 36
2619 3213 80
3213 247 38
247 3270 97
3270 2913 69
2913 31 45
31 260 91
260 3150 19
3150 2764 19
2764 1811 8
1811 1138 83
1138 784 94
784 2104 27
2104 3980 63
3980 361 11
361 1812 33
1812 2461 9
2461 3014 0
3014 1087 2
1087 3679 48
3679 2215 94
2215 3609 87
3609 3691 28
3691 2492 98
2492 1362 81
1362 881 32
881 3694 4
3694 687 75
687 2679 81
2679 1792 13
1792 1173 35
1173 1174 15
1174 2937 35
2937 861 60
861 2851 74
2851 1479 82
1479 3868 20
3868 625 7
625 3113 4
3113 3453 54
3453 1854 11
1854 2485 46
2485 2344 7
2344 721 24
721 2565 24
2565 2895 64
2895 444 44
444 394 9
394 622 5
622 1649 35
1649 3505 76
3505 2070 18
2070 1372 44
1372 1324 26
1324 1470 50
1470 1301 37
1301 2983 53
2983 2413 41
2413 2171 32
2171 1718 1
1718 1725 32
1725 270 36
270 3511 90
3511 2453 7
2453 3975 7
3975 2278 29
2278 204 17
204 1834 59
1834 1867 41
1867 671 69
671 102 65
102 3875 46
3875 3824 14
3824 830 37
830 2540 16
2540 3431 84
3431 1639 91
1639 1169 8
1169 3588 59
3588 2014 74
2014 573 64
573 659 50
659 2470 34
2470 2582 40
2582 3969 77
3969 2761 20
2761 966 77
966 3526 49
3526 2835 13
2835 104 57
104 203 47
203 2346 62
2346 3421 46
3421 2746 72
2746 3159 1
3159 3981 83
3981 287 76
287 2624 14
2624 2205 75
2205 2930 25
2930 1589 35
1589 2187 13
2187 1832 51
1832 844 93
844 1405 94
1405 334 80
334 2766 22
2766 471 34
471 1597 21
1597 3321 31
3321 3631 66
3631 2669 66
2669 2958 84
2958 1243 80
1243 2646 86
2646 3684 2
3684 494 4
494 1602 75
1602 239 51
239 1448 26
1448 1281 97
1281 1870 99
1870 953 68
953 3063 56
3063 1680 97
1680 2347 94
2347 409 84
409 2039 12
2039 2966 6
2966 1210 10
1210 1987 41
1987 445 14
445 1042 91
1042 3884 46
3884 2912 76
2912 2399 81
2399 2538 96
2538 3251 28
3251 1073 80
1073 710 10
710 3488 52
3488 822 27
822 2720 30
2720 3224 71
3224 1453 86
1453 546 1
546 1490 14
1490 3467 84
3467 1537 83
1537 2252 54
2252 2304 6
2304 805 45
805 2011 63
2011 3578 76
3578 3107 28
3107 3512 25
3512 1252 46
1252 1673 46
1673 2167 97
2167 1885 13
1885 685 36
685 1755 25
1755 657 25
657 3833 54
3833 2923 38
2923 699 55
699 1722 40
1722 2539 98
2539 3625 17
3625 3967 74
3967 533 94
533 3825 99
3825 3081 15
3081 893 30
893 854 40
854 97 53
97 1558 98
1558 3183 44
3183 3255 39
3255 2242 56
2242 3790 8
3790 2075 71
2075 1954 10
1954 608 43
608 588 21
588 1221 24
1221 2341 62
2341 3549 66
3549 3103 35
3103 3889 14
3889 3381 87
3381 3820 89
3820 2204 40
2204 669 82
669 559 65
559 225 41
225 3415 72
3415 943 78
943 813 47
813 925 52
925 1631 69
1631 2507 14
2507 3525 5
3525 1129 0
1129 478 81
478 3419 84
3419 2531 64
2531 1543 80
1543 2367 2
2367 1465 49
1465 2078 18
2078 1623 80
1623 34 82
34 3127 99
3127 818 83
818 235 77
235 3484 65
3484 2087 6
2087 207 64
207 3931 36
3931 1289 37
1289 2610 23
2610 3618 55
3618 3606 6
3606 3171 38
3171 2900 97
2900 2232 62
2232 896 70
896 502 44
502 2388 85
2388 2680 72
2680 369 98
369 410 62
410 3818 25
3818 3726 77
3726 3590 0
3590 2352 60
2352 2312 71
2312 836 98
836 3929 96
3929 3309 33
3309 1677 51
1677 3064 36
3064 475 3
475 3027 38
3027 2733 27
2733 648 19
648 3160 51
3160 1571 0
1571 3788 99
3788 3836 66
3836 1466 69
1466 1961 4
1961 2823 41
2823 2869 36
2869 2253 30
2253 2532 48
2532 1024 69
1024 3743 82
3743 3657 39
3657 449 70
449 1582 1
1582 1158 99
1158 3966 59
3966 1933 95
1933 120 65
120 296 53
296 612 14
612 2867 53
2867 3285 88
3285 3288 18
3288 2353 33
2353 902 32
902 2954 13
2954 448 49
448 553 65
553 2452 41
2452 2553 3
2553 2020 28
2020 89 54
89 85 77
85 673 37
673 1201 72
1201 3267 45
3267 3256 57
3256 3118 73
3118 1856 17
1856 275 31
275 2481 90
2481 729 98
729 3907 52
3907 2419 40
2419 3291 60
3291 2474 78
2474 928 61
928 3017 44
3017 542 34
542 487 37
487 935 19
935 3758 2
3758 2955 28
2955 944 76
944 1319 10
1319 2831 42
2831 1921 15
1921 1357 2
1357 800 73
800 2127 60
2127 2832 90
2832 2735 8
2735 1655 80
1655 187 71
187 2556 39
2556 1917 29
1917 2134 0
2134 2971 92
2971 1608 66
1608 2602 27
2602 3478 6
3478 905 8
905 252 65
252 2495 47
2495 1106 38
1106 2491 9
2491 2051 50
2051 2718 32
2718 265 63
265 417 95
417 3124 43
3124 1355 69
1355 1258 55
1258 3559 27
3559 3326 78
3326 3681 39
3681 1010 49
1010 183 34
183 759 89
759 1009 12
1009 1708 53
1708 2722 49
2722 1695 43
1695 3458 95
3458 1641 99
1641 3298 68
3298 2852 75
2852 30 83
30 3810 36
3810 724 60
724 1142 7
1142 632 98
632 2358 91
2358 2225 77
2225 2086 91
2086 3062 20
3062 2892 34
2892 2459 10
2459 2122 6
2122 520 93
520 3372 15
3372 2100 86
2100 1399 54
1399 2194 1
2194 1485 8
1485 2938 3
2938 3621 40
3621 69 96
69 1196 6
1196 1955 69
1955 3319 34
3319 3470 79
3470 619 45
619 3865 83
3865 404 63
404 1337 91
1337 819 66
819 3041 44
3041 232 99
232 3065 11
3065 1416 67
1416 3466 64
3466 3139 31
3139 587 64
587 3861 48
3861 3284 74
3284 3597 82
3597 921 93
921 495 68
495 72 80
72 3739 77
3739 846 50
846 2291 15
2291 743 74
743 2636 33
2636 3368 75
3368 3475 0
3475 1713 29
1713 3116 30
3116 47 43
47 904 86
904 2811 49
2811 965 29
965 1934 99
1934 839 18
839 1459 4
1459 2845 23
2845 3924 13
3924 711 58
711 191 37
191 2508 57
2508 876 21
876 458 3
458 2688 64
2688 3392 2
3392 3909 60
3909 1910 33
1910 75 40
75 552 61
552 2520 8
2520 2415 92
2415 325 80
325 1055 43
1055 2881 30
2881 740 97
740 2345 71
2345 2383 20
2383 3772 96
3772 3144 90
3144 1406 49
1406 2799 60
2799 93 50
93 3689 89
3689 1237 7
1237 2872 77
2872 2721 30
2721 3394 67
3394 462 41
462 603 39
603 1622 25
1622 2594 63
2594 55 64
55 3229 91
3229 2741 59
2741 1763 2
1763 915 77
915 2552 99
2552 19 56
19 1774 45
1774 1599 2
1599 1473 97
1473 1182 92
1182 50 63
50 3954 35
3954 3514 42
3514 2197 15
2197 3452 55
3452 1316 22
1316 1716 94
1716 1311 66
1311 2554 69
2554 705 95
705 1253 32
1253 1943 65
1943 1540 36
1540 1126 35
1126 1539 56
1539 3841 68
3841 1139 91
1139 177 20
177 1113 88
1113 194 2
194 2093 56
2093 2163 78
2163 2047 73
2047 1493 70
1493 486 45
486 1032 70
1032 1332 35
1332 2694 36
2694 3462 46
3462 3479 55
3479 3912 14
3912 2744 36
2744 382 21
382 1369 54
1369 1487 2
1487 2754 68
2754 1989 56
1989 3611 40
3611 2953 29
2953 3190 43
3190 1254 82
1254 2662 57
2662 1402 72
1402 2905 36
2905 1431 13
1431 129 43
129 368 85
368 998 91
998 1800 69
1800 1731 5
1731 1634 57
1634 3768 18
3768 2696 97
2696 1346 39
1346 2630 57
2630 2629 9
2629 1065 16
1065 690 39
690 2133 35
2133 2411 48
2411 1770 88
1770 3652 97
3652 2617 63
2617 3264 15
3264 243 39
243 1471 47
1471 762 21
762 365 94
365 29 43
29 512 70
512 3500 41
3500 2335 35
2335 3674 8
3674 2850 74
2850 1371 70
1371 358 44
358 1323 26
1323 1544 74
1544 3292 37
3292 2083 94
2083 415 81
415 2987 13
2987 3216 56
3216 2209 72
2209 3913 82
3913 3821 74
3821 3119 29
3119 1377 53
1377 2337 70
2337 763 36
763 1985 25
1985 1802 40
1802 2062 68
2062 1567 86
1567 2173 71
2173 3445 81
3445 1432 5
1432 1828 68
1828 1739 60
1739 2437 34
2437 1165 95
1165 1060 34
1060 2857 49
2857 1048 73
1048 3358 51
3358 2138 47
2138 892 64
892 2970 93
2970 1341 83
1341 557 52
557 175 13
175 1682 73
1682 3771 31
3771 3555 77
3555 359 77
359 3241 12
3241 2439 26
2439 2298 55
2298 1887 15
1887 900 16
900 2279 49
2279 1034 58
1034 2458 32
2458 3206 90
3206 308 16
308 2667 69
2667 2586 81
2586 581 95
581 1270 81
1270 3943 22
3943 215 64
215 3748 58
3748 1626 86
1626 527 90
527 3407 32
3407 305 52
305 312 17
312 3187 65
3187 1787 16
1787 1712 61
1712 2077 56
2077 3456 64
3456 2524 14
2524 580 81
580 1827 39
1827 1102 95
1102 3464 1
3464 2891 52
2891 3882 59
3882 1513 35
1513 1041 73
1041 2516 63
2516 2241 74
2241 1194 0
1194 3940 31
3940 24 92
24 44 19
44 1468 68
1468 2517 30
2517 2877 36
2877 2306 35
2306 3293 82
3293 2924 36
2924 2618 49
2618 1913 10
1913 499 66
499 2403 5
2403 3360 59
3360 233 63
233 737 29
737 1114 99
1114 803 68
803 255 71
255 1930 5
1930 3339 31
3339 2297 25
2297 3061 97
3061 649 90
649 2467 50
2467 2165 47
2165 3622 12
3622 534 49
534 506 39
506 2660 48
2660 1665 55
1665 3495 18
3495 2946 24
2946 2320 33
2320 2392 46
2392 997 49
997 3989 1
3989 680 19
680 1757 58
1757 3952 88
3952 3852 56
3852 1255 48
1255 3433 88
3433 2233 80
2233 3367 54
3367 1401 16
1401 3276 60
3276 2948 46
2948 1400 72
1400 186 75
186 2656 10
2656 1607 36
1607 778 0
778 223 43
223 3168 75
3168 1971 58
1971 1140 63
1140 2711 41
2711 3717 38
3717 1810 60
1810 1660 34
1660 3775 25
3775 1420 44
1420 586 55
586 3965 67
3965 3786 44
3786 2168 25
2168 1616 60
1616 2435 32
2435 3231 47
3231 3932 26
3932 3530 66
3530 1688 21
1688 2535 92
2535 548 30
548 777 84
777 3680 54
3680 337 27
337 688 99
688 766 34
766 213 85
213 541 2
541 1895 24
1895 917 24
917 1929 75
1929 2833 16
2833 2862 8
2862 3154 79
3154 2992 43
2992 1209 70
1209 3972 53
3972 1506 93
1506 3393 60
3393 1038 15
1038 2588 5
2588 1257 36
1257 3682 90
3682 2916 14
2916 355 77
355 3474 82
3474 1734 1
1734 572 43
572 3375 36
3375 3046 84
3046 847 72
847 6 21
6 11 61
11 1001 38
1001 1156 8
1156 593 49
593 3145 62
3145 94 11
94 193 69
193 65 82
65 2639 60
2639 332 55
332 1898 16
1898 3228 68
3228 347 3
347 1860 93
1860 3314 42
3314 3814 6
3814 134 22
134 3196 35
3196 62 90
62 153 91
153 1152 77
1152 172 55
172 2671 25
2671 3024 94
3024 3275 63
3275 426 65
426 2090 33
2090 3427 84
3427 3613 63
3613 3799 86
3799 1229 72
1229 1501 73
1501 795 0
795 1529 82
1529 1651 94
1651 1642 40
1642 1824 69
1824 299 39
299 1598 37
1598 3838 50
3838 166 69
166 2584 48
2584 1973 41
1973 979 80
979 155 88
155 978 30
978 825 70
825 1702 28
1702 1743 92
1743 2029 76
2029 609 91
609 3796 92
3796 1546 36
1546 1342 48
1342 3543 30
3543 2973 86
2973 3996 49
3996 13 55
13 2864 78
2864 1219 31
1219 2446 86
2446 1845 86
1845 424 76
424 1609 18
1609 226 42
226 286 38
286 2965 22
2965 428 69
428 490 89
490 2260 62
2260 2088 2
2088 2460 86
2460 1871 44
1871 1519 77
1519 855 79
855 3645 90
3645 1426 4
1426 107 1
107 1297 23
1297 745 23
745 2308 38
2308 1486 47
1486 236 51
236 2978 95
2978 940 80
940 2797 13
2797 303 3
303 1843 64
1843 1509 87
1509 264 55
264 3448 19
3448 2219 100
2219 1122 70
1122 1363 0
1363 961 23
961 3131 59
3131 3554 3
3554 2699 48
2699 2677 18
2677 3976 93
3976 2295 57
2295 3806 99
3806 535 73
535 1049 40
1049 1803 57
1803 3151 83
3151 1675 47
1675 1358 85
1358 637 71
637 2882 16
2882 2512 7
2512 1012 78
1012 1011 85
1011 1053 75
1053 3925 27
3925 1057 62
1057 787 89
787 3322 66
3322 3093 40
3093 1263 11
1263 2841 0
2841 2501 73
2501 1220 49
1220 2500 90
2500 3751 100
3751 1551 7
1551 3310 55
3310 1137 81
1137 3560 89
3560 2926 11
2926 3762 74
3762 354 71
354 3130 21
3130 1075 23
1075 3904 39
3904 3167 64
3167 1168 57
1168 3738 16
3738 1550 35
1550 2142 84
2142 2868 89
2868 209 88
209 1003 84
1003 3957 0
3957 570 57
570 1563 89
1563 3455 82
3455 1592 72
1592 582 46
582 1566 25
1566 1611 49
1611 1983 35
1983 405 63
405 2527 43
2527 2931 93
2931 3031 87
3031 620 31
620 1786 10
1786 324 55
324 3042 65
3042 1730 24
1730 1167 12
1167 3250 95
3250 1749 24
1749 23 81
23 388 74
388 643 91
643 3234 100
3234 3305 73
3305 2103 80
2103 3789 17
3789 2064 78
2064 1392 54
1392 975 18
975 701 10
701 2368 11
2368 2898 71
2898 3029 96
3029 3872 82
3872 301 99
301 3438 64
3438 2448 44
2448 27 51
27 3389 17
3389 1164 81
1164 1742 37
1742 2950 17
2950 2563 29
2563 2391 69
2391 3010 32
3010 3520 100
3520 1040 76
1040 3039 36
3039 36 59
36 2717 70
2717 525 49
525 1014 94
1014 399 3
399 3519 22
3519 2395 25
2395 3516 83
3516 2742 35
2742 2502 45
2502 340 94
340 2269 50
2269 90 89
90 3350 27
3350 253 24
253 1978 58
1978 1853 82
1853 3365 4
3365 1443 71
1443 1876 91
1876 3436 83
3436 2493 25
2493 433 98
433 1560 51
1560 2640 93
2640 1578 92
1578 3958 37
3958 1805 92
1805 2996 0
2996 3576 74
3576 411 18
411 3696 94
3696 3001 46
3001 1246 33
1246 1308 40
1308 1321 97
1321 229 87
229 3892 26
3892 3572 61
3572 1241 59
1241 3990 78
3990 71 9
71 3262 58
3262 562 85
562 3059 45
3059 298 14
298 3115 11
3115 103 61
103 2377 73
2377 1322 74
1322 1172 43
1172 1440 18
1440 1836 90
1836 1125 61
1125 1945 11
1945 1851 19
1851 1923 55
1923 438 39
438 2085 30
2085 1565 70
1565 2322 67
2322 595 91
595 110 27
110 1418 34
1418 2256 93
2256 2936 65
2936 1200 24
1200 2406 77
2406 3968 18
3968 1632 12
1632 1368 5
1368 1411 99
1411 3157 99
3157 1764 7
1764 1518 10
1518 1330 54
1330 1232 17
1232 3283 65
3283 780 100
780 491 98
491 1918 91
1918 549 44
549 2433 23
2433 1204 100
1204 1425 92
1425 3391 32
3391 21 63
21 9 41
9 2579 89
2579 2405 15
2405 519 1
519 1957 29
1957 1542 7
1542 3829 82
3829 2074 64
2074 1953 94
1953 2384 14
2384 793 36
793 2068 53
2068 771 11
771 306 21
306 832 17
832 1304 49
1304 942 69
942 317 78
317 1328 32
1328 2015 7
2015 1002 88
1002 3908 2
3908 3188 32
3188 198 26
198 2774 43
2774 2637 4
2637 2409 61
2409 2161 29
2161 916 38
916 3688 90
3688 2192 74
2192 2499 59
2499 3928 72
3928 3496 32
3496 3637 67
3637 363 25
363 3991 9
3991 2113 18
2113 2044 37
2044 3985 34
3985 100 94
100 1013 31
1013 3044 49
3044 2572 6
2572 3106 17
3106 2542 42
2542 3003 78
3003 2440 49
2440 3591 65
3591 2429 19
2429 1085 14
1085 1305 56
1305 152 36
152 1026 5
1026 3817 47
3817 3729 13
3729 3245 32
3245 1633 80
1633 197 19
197 2066 61
2066 774 11
774 3434 2
3434 2394 47
2394 2018 10
2018 377 97
377 1260 87
1260 397 3
397 3919 27
3919 696 47
696 2883 92
2883 2421 15
2421 2282 16
2282 3506 51
3506 739 37
739 3146 23
3146 262 36
262 1361 39
1361 2915 3
2915 1331 32
1331 2339 18
2339 3668 22
3668 3232 52
3232 3349 69
3349 3225 17
3225 2428 44
2428 2792 72
2792 2009 100
2009 2997 40
2997 1664 35
1664 3508 56
3508 3587 65
3587 2812 51
2812 2311 7
2311 1728 13
1728 3327 28
3327 1795 51
1795 1157 33
1157 2224 56
2224 468 22
468 2934 6
2934 875 36
875 162 58
162 3683 68
3683 810 33
810 1924 75
1924 2274 4
2274 3271 59
3271 3840 7
3840 3021 31
3021 1645 30
1645 2055 68
2055 446 53
446 1890 59
1890 3134 17
3134 1618 12
1618 2152 35
2152 3553 22
3553 427 73
427 3207 43
3207 356 82
356 101 11
101 2203 18
2203 2815 58
2815 2248 51
2248 2687 12
2687 3860 45
3860 1536 83
1536 159 61
159 227 50
227 704 50
704 1449 73
1449 3501 32
3501 1659 63
1659 3369 47
3369 2932 63
2932 3485 72
3485 221 86
221 2069 32
2069 398 69
398 1835 54
1835 1840 36
1840 3176 17
3176 3100 24
3100 1491 93
1491 3414 50
3414 3201 83
3201 1564 7
1564 2313 28
2313 3831 99
3831 626 83
626 1915 42
1915 131 0
131 594 3
594 2559 7
2559 3099 87
3099 3186 2
3186 1630 95
1630 679 67
679 2840 16
2840 2627 90
2627 2727 44
2727 1230 36
1230 1091 91
1091 1488 59
1488 151 44
151 105 98
105 3454 70
3454 1099 20
1099 149 14
149 112 24
112 1813 84
1813 3690 58
3690 441 88
441 3999 17
3999 1227 0
1227 2334 78
2334 2574 25
2574 3774 11
3774 1007 67
1007 3832 13
3832 1726 51
1726 2053 50
2053 3558 83
3558 970 75
970 1045 1
1045 2962 81
2962 1134 22
1134 179 77
179 1383 56
1383 3076 68
3076 3147 70
3147 311 26
311 3128 34
3128 983 64
983 1679 85
1679 457 78
457 3395 44
3395 1878 51
1878 3740 0
3740 488 1
488 516 100
516 1266 98
1266 2975 62
2975 3616 73
3616 1981 18
1981 479 11
479 1847 91
1847 801 39
801 2400 9
2400 1434 98
1434 1752 61
1752 1780 86
1780 1148 43
1148 551 21
551 2645 21
2645 1110 46
1110 1062 86
1062 957 39
957 1561 57
1561 1556 24
1556 310 97
310 1617 16
1617 1370 98
1370 1959 74
1959 3580 85
3580 2909 28
2909 1994 67
1994 3763 21
3763 3033 75
3033 2114 29
2114 858 89
858 2663 34
2663 1313 30
1313 3714 43
3714 1307 83
1307 1006 40
1006 3195 5
3195 776 41
776 1667 47
1667 3854 8
3854 2793 55
2793 257 40
257 889 71
889 1952 29
1952 3600 55
3600 654 96
654 2250 88
2250 3379 46
3379 1640 99
1640 2097 55
2097 2135 21
2135 592 87
592 1938 73
1938 1842 0
1842 2321 93
2321 3497 14
3497 1687 73
1687 1043 36
1043 3607 43
3607 1601 30
1601 2908 49
2908 1022 47
1022 501 25
501 891 95
891 3732 30
3732 1135 97
1135 2561 69
2561 1947 91
1947 3643 17
3643 1116 64
1116 2513 81
2513 1769 29
1769 2736 76
2736 2235 31
2235 684 42
684 135 89
135 3752 5
3752 3855 36
3855 824 71
824 982 24
982 692 84
692 3141 33
3141 2889 23
2889 1412 86
1412 3449 33
3449 3970 65
3970 92 79
92 2856 3
2856 3442 32
3442 571 84
571 2635 97
2635 2786 75
2786 2355 91
2355 489 69
489 1272 70
1272 834 15
834 3279 48
3279 3894 44
3894 1554 64
1554 1366 86
1366 831 17
831 960 3
960 2080 23
2080 579 74
579 117 24
117 3016 28
3016 2760 88
2760 531 28
531 3869 10
3869 2951 80
2951 1349 88
1349 2482 86
2482 821 50
821 640 44
640 2361 64
2361 924 25
924 2328 0
2328 874 90
874 45 95
45 3387 96
3387 2843 95
2843 1250 31
1250 2426 61
2426 703 53
703 985 76
985 473 84
473 3137 81
3137 3951 92
3951 3862 46
3862 2929 59
2929 2487 4
2487 148 36
148 3311 63
3311 618 69
618 1968 87
1968 2708 9
2708 2866 34
2866 268 23
268 3619 32
3619 1768 75
1768 3402 54
3402 3584 96
3584 3602 54
3602 2340 17
2340 1912 81
1912 3879 76
3879 1195 38
1195 1318 48
1318 2227 89
2227 1746 98
1746 3776 18
3776 792 8
792 2873 17
2873 706 67
706 3693 88
3693 2465 39
2465 1510 7
1510 2150 8
2150 1208 69
1208 2166 3
2166 3104 38
3104 591 92
591 864 22
864 251 54
251 857 37
857 389 20
389 1450 89
1450 1326 96
1326 3599 99
3599 3950 97
3950 3651 68
3651 1163 45
1163 124 39
124 2472 14
2472 835 32
835 833 21
833 2369 49
2369 2362 25
2362 2509 48
2509 2466 6
2466 109 77
109 2919 41
2919 3718 89
3718 2160 95
2160 888 79
888 3756 58
3756 3848 75
3848 297 25
297 1052 41
1052 2780 24
2780 863 96
863 2615 63
2615 3963 58
3963 168 60
168 130 77
130 1585 95
1585 597 5
597 3246 27
3246 3887 62
3887 2292 37
2292 539 99
539 1508 81
1508 2621 81
2621 523 89
523 2449 0
2449 3238 98
3238 2028 13
2028 1082 20
1082 2267 70
2267 313 98
313 1327 50
1327 1089 86
1089 2709 65
2709 2271 65
2271 3563 1
3563 1569 70
1569 1225 87
1225 2425 68
2425 829 84
829 3656 18
3656 2982 2
2982 241 20
241 3244 84
3244 201 55
201 2350 33
2350 300 29
300 3374 10
3374 3112 22
3112 3005 14
3005 3973 98
3973 1997 62
1997 1553 16
1553 1017 63
1017 2651 100
2651 2349 22
2349 1153 10
1153 1268 88
1268 1570 38
1570 707 60
707 452 83
452 2213 88
2213 1206 55
1206 772 19
772 3212 73
3212 2783 37
2783 3192 45
3192 1995 27
1995 344 89
344 330 29
330 1347 32
1347 1670 93
1670 3353 93
3353 126 91
126 812 53
812 2038 53
2038 1669 93
1669 3629 16
3629 2875 93
2875 3870 3
3870 513 8
513 3408 97
3408 3632 4
3632 1940 78
1940 3834 3
3834 3546 71
3546 849 26
849 3371 28
3371 2420 56
2420 1891 83
1891 2382 33
2382 167 3
167 2046 72
2046 314 3
314 1179 15
1179 3320 47
3320 2450 57
2450 3551 12
3551 623 79
623 752 6
752 3281 81
3281 396 24
396 2596 86
2596 280 14
280 277 39
277 1044 15
1044 2790 5
2790 1846 25
1846 3744 85
3744 51 19
51 1239 45
1239 2106 63
2106 2972 8
2972 111 67
111 3575 38
3575 496 85
496 837 28
837 2991 66
2991 1269 91
1269 3569 84
3569 1593 63
1593 1507 22
1507 1098 37
1098 329 64
329 484 0
484 3749 25
3749 794 65
794 1437 100
1437 788 44
788 3202 96
3202 1849 11
1849 510 24
510 432 78
432 3808 0
3808 3172 10
3172 1359 20
1359 2082 73
2082 1458 69
1458 3233 10
3233 3769 83
3769 1789 58
1789 2309 84
2309 2521 33
2521 400 42
400 2575 11
2575 3782 52
3782 67 99
67 341 45
341 3745 71
3745 2057 12
2057 2105 28
2105 3440 73
3440 2616 65
2616 532 39
532 2294 26
2294 2185 52
2185 2583 54
2583 3295 47
3295 3750 84
3750 585 61
585 1029 69
1029 1081 4
1081 294 14
294 3211 32
3211 3843 63
3843 2404 35
2404 1905 83
1905 1160 82
1160 1444 64
1444 2732 21
2732 3528 67
3528 2787 2
2787 781 1
781 1696 5
1696 1785 95
1785 1975 34
1975 2723 74
2723 2653 57
2653 1064 70
1064 1638 47
1638 1758 27
1758 1901 26
1901 3329 95
3329 2701 34
2701 3716 18
3716 2023 29
2023 3709 37
3709 963 34
963 3734 60
3734 3097 81
3097 3941 86
3941 2943 89
2943 3653 51
3653 46 96
46 994 55
994 2366 14
2366 1315 64
1315 383 48
383 3712 87
3712 3473 36
3473 984 72
984 366 59
366 316 13
316 1467 80
1467 2914 82
2914 2928 24
2928 1244 28
1244 360 9
360 1015 56
1015 357 75
357 3671 41
3671 3411 22
3411 217 52
217 3290 35
3290 3043 84
3043 2666 100
2666 3556 50
3556 2191 63
2191 3545 34
3545 3979 62
3979 2258 96
2258 1903 35
1903 3888 32
3888 3215 5
3215 1869 45
1869 903 17
903 2118 63
2118 1390 75
1390 1744 79
1744 2245 69
2245 245 76
245 807 25
807 2283 84
2283 1548 76
1548 2603 82
2603 3521 94
3521 1590 10
1590 2893 7
2893 1396 29
1396 1794 57
1794 948 82
948 15 31
15 2604 52
2604 3639 37
3639 3492 8
3492 949 71
949 81 95
81 2228 86
2228 1674 63
1674 1996 96
1996 1541 58
1541 3032 2
3032 2024 51
2024 3733 76
3733 2533 67
2533 3795 95
3795 132 82
132 1977 58
1977 453 88
453 2562 7
2562 3439 32
3439 3082 97
3082 2890 86
2890 3660 6
3660 1282 76
1282 68 18
68 2076 5
2076 22 80
22 1056 18
1056 2585 26
2585 3126 63
3126 3036 76
3036 3736 14
3736 274 39
274 2498 63
2498 1958 29
1958 157 4
157 3377 82
3377 1838 22
1838 2457 33
2457 2442 91
2442 668 72
668 1684 70
1684 791 1
791 2549 83
2549 3858 81
3858 3164 31
3164 3208 27
3208 1097 39
1097 1143 93
1143 440 15
440 1033 20
1033 2837 18
2837 3640 89
3640 1801 48
1801 3701 72
3701 2386 79
2386 2945 11
2945 3902 33
3902 3827 62
3827 1063 10
1063 2974 79
2974 1729 99
1729 2342 75
2342 2544 31
2544 650 77
650 1469 57
1469 1919 24
1919 2376 21
2376 1692 30
1692 939 50
939 1538 21
1538 2179 26
2179 1184 64
1184 1681 80
1681 2221 32
2221 2777 50
2777 3117 51
3117 3149 57
3149 1415 74
1415 1765 90
1765 1909 74
1909 2290 91
2290 3331 8
3331 3937 62
3937 3265 60
3265 1103 25
1103 1178 66
1178 2496 38
2496 3764 52
3764 770 75
770 2393 20
2393 2223 42
2223 2147 72
2147 3601 32
3601 1629 67
1629 2702 58
2702 2847 42
2847 3482 58
3482 165 25
165 537 34
537 2705 34
2705 3401 67
3401 178 65
178 590 3
590 877 33
877 730 82
730 437 84
437 2664 98
2664 1480 88
1480 596 81
596 1886 56
1886 2715 100
2715 1881 81
1881 2370 47
2370 1381 13
1381 1118 51
1118 408 28
408 507 84
507 1155 28
1155 2566 56
2566 3004 91
3004 2861 69
2861 717 46
717 2473 98
2473 601 32
601 1974 88
1974 2609 75
2609 3459 13
3459 3647 74
3647 3927 97
3927 3953 55
3953 88 61
88 3302 76
3302 430 77
430 1460 96
1460 3334 53
3334 606 75
606 3078 38
3078 1236 25
1236 503 18
503 3486 50
3486 2043 22
2043 3878 42
3878 3998 62
3998 1852 54
1852 122 21
122 113 69
113 1790 1
1790 860 78
860 3536 99
3536 1750 11
1750 3263 68
3263 3518 58
3518 1274 41
1274 2107 65
2107 2940 49
2940 1247 71
1247 1435 26
1435 1090 8
1090 540 6
540 1306 25
1306 2710 68
2710 435 74
435 3784 44
3784 3002 21
3002 3527 62
3527 929 70
929 797 29
797 2443 55
2443 492 88
492 1882 69
1882 3565 19
3565 1685 6
1685 164 24
164 3881 6
3881 190 73
190 1191 32
1191 2198 98
2198 820 2
820 1132 89
1132 2189 89
2189 2986 33
2986 2380 64
2380 2518 65
2518 3069 43
3069 2503 73
2503 425 71
425 852 90
852 3465 56
3465 3366 96
3366 716 66
716 1899 94
1899 3524 52
3524 1738 61
1738 2019 83
2019 1462 79
1462 543 28
543 3307 15
3307 144 55
144 3659 100
3659 1963 94
1963 250 89
250 2902 29
2902 3753 21
3753 828 80
828 2803 94
2803 1931 1
1931 536 10
536 3384 56
3384 2326 78
2326 749 75
749 2027 5
2027 577 11
577 2737 77
2737 77 78
77 3370 98
3370 2576 19
2576 2050 50
2050 547 85
547 3108 30
3108 1397 67
1397 565 66
565 1900 38
1900 3406 52
3406 3960 19
3960 2132 41
2132 2130 77
2130 2202 39
2202 3992 11
3992 3984 13
3984 2172 46
2172 2859 63
2859 2537 85
2537 1808 16
1808 2497 28
2497 3933 82
3933 1482 26
1482 2180 23
2180 384 49
384 3658 37
3658 2685 98
2685 3730 35
3730 3446 86
3446 3435 78
3435 2299 96
2299 827 19
827 3896 69
3896 3388 12
3388 3109 1
3109 3011 86
3011 2423 33
2423 3544 48
3544 645 20
645 3880 84
3880 379 58
379 3847 55
3847 974 26
974 2842 18
2842 1286 41
1286 727 63
727 3357 36
3357 1393 78
1393 2641 88
2641 3204 68
3204 3425 91
3425 1199 79
1199 454 40
454 3982 49
3982 2896 36
2896 1644 72
1644 1461 76
1461 387 98
387 3923 60
3923 1161 24
1161 677 12
677 3450 92
3450 3222 91
3222 554 78
554 3964 42
3964 3361 45
3361 2144 52
2144 1472 17
1472 3184 54
3184 2483 3
2483 906 70
906 1620 69
1620 2834 72
2834 1969 36
1969 3864 46
3864 431 6
431 3243 82
3243 1986 27
1986 3067 90
3067 859 43
859 3040 36
3040 758 75
758 2573 48
2573 1535 19
1535 2048 62
2048 1477 23
1477 1781 97
1781 498 65
498 2725 85
2725 1888 19
1888 682 88
682 1150 97
1150 569 11
569 576 8
576 2750 18
2750 2848 12
2848 3728 24
3728 3420 14
3420 2798 67
2798 3472 74
3472 2801 52
2801 1872 75
1872 3798 98
3798 1314 90
1314 583 21
583 802 58
802 1303 39
1303 28 99
28 2117 70
2117 508 6
508 2058 3
2058 2839 72
2839 2000 50
2000 972 90
972 1028 3
1028 1384 95
1384 2716 85
2716 291 80
291 2522 54
2522 2365 76
2365 3936 45
3936 2374 85
2374 91 42
91 1839 57
1839 1663 14
1663 2305 7
2305 2628 19
2628 3306 81
3306 3428 11
3428 1586 19
1586 1276 96
1276 3489 68
3489 3948 1
3948 374 16
374 3296 19
3296 1309 63
1309 2514 46
2514 173 63
173 658 79
658 3403 42
3403 641 84
641 2607 59
2607 248 26
248 2560 100
2560 3666 64
3666 2515 33
2515 1956 5
1956 3595 88
3595 666 87
666 2949 66
2949 3517 56
3517 1202 31
1202 3378 3
3378 845 13
845 1653 36
1653 2357 26
2357 2994 58
2994 1414 47
1414 950 63
950 2151 94
2151 1624 46
1624 1031 7
1031 670 8
670 862 56
862 672 26
672 1291 90
1291 1008 96
1008 1484 71
1484 1950 10
1950 1866 23
1866 773 72
773 2359 91
2359 1545 49
1545 2581 59
2581 3252 93
3252 530 59
530 602 21
602 1030 56
1030 1446 65
1446 267 84
267 273 22
273 3084 2
3084 3787 58
3787 3873 5
3873 3409 2
3409 652 85
652 1993 33
1993 136 10
136 2430 21
2430 3886 20
3886 3469 73
3469 1348 19
1348 656 90
656 1717 46
1717 1965 42
1965 2156 97
2156 1130 66
1130 1353 21
1353 1115 98
1115 3901 100
3901 2564 64
2564 3487 12
3487 2475 33
2475 3783 44
3783 2045 20
2045 3849 91
3849 1557 68
1557 1224 80
1224 2545 84
2545 2960 68
2960 3237 10
3237 2063 71
2063 2005 13
2005 782 85
782 2244 65
2244 633 69
633 266 56
266 451 55
451 3287 77
3287 2647 60
2647 2247 33
2247 279 10
279 615 80
615 2190 85
2190 3073 13
3073 880 51
880 2101 72
2101 1833 83
1833 14 55
14 1527 49
1527 1610 60
1610 2826 5
2826 2004 91
2004 54 77
54 1170 97
1170 3685 5
3685 56 40
56 3672 35
3672 3328 93
3328 1343 45
1343 3397 23
3397 3502 77
3502 3507 85
3507 1242 19
1242 3664 65
3664 1066 71
1066 2154 25
2154 2697 29
2697 988 55
988 3242 44
3242 1256 20
1256 3598 53
3598 922 31
922 1020 82
1020 1226 33
1226 353 99
353 2601 53
2601 1844 1
1844 3801 42
3801 2749 11
2749 3177 10
3177 1720 18
1720 2886 94
2886 748 45
748 3162 93
3162 3102 91
3102 138 89
138 2432 97
2432 142 90
142 3711 58
3711 3826 60
3826 3386 54
3386 895 69
895 3915 13
3915 3604 98
3604 418 45
418 2268 2
2268 385 13
385 459 93
459 1197 28
1197 3661 45
3661 1413 41
1413 2620 25
2620 2543 63
2543 3273 6
3273 2623 11
2623 40 70
40 2480 28
2480 2115 87
2115 689 82
689 3636 85
3636 1128 31
1128 3178 58
3178 694 96
694 3410 77
3410 980 88
980 3345 92
3345 3121 61
3121 1455 49
1455 3522 46
3522 898 32
898 2484 80
2484 3101 15
3101 2597 81
2597 731 36
731 1192 10
1192 2025 45
2025 2033 86
2033 3012 92
3012 1271 30
1271 326 15
326 2463 7
2463 38 70
38 3269 72
3269 817 100
817 3247 4
3247 1628 68
1628 3122 53
3122 2967 95
2967 1023 87
1023 2061 65
2061 738 16
738 1185 49
1185 212 29
212 416 54
416 2765 56
2765 500 8
500 323 60
323 887 11
887 3422 16
3422 282 77
282 3152 23
3152 2488 71
2488 1936 59
1936 1902 17
1902 392 4
392 2681 84
2681 3398 34
3398 2755 5
2755 3746 17
3746 823 85
823 140 74
140 1964 64
1964 348 78
348 2212 95
2212 1071 14
1071 3859 21
3859 184 17
184 1662 15
1662 1894 75
1894 3673 98
3673 33 47
33 1166 69
1166 2778 94
2778 493 90
493 2661 84
2661 2230 88
2230 3761 47
440 3233 11
1346 3613 39
2991 3455 50
3604 3864 91
1029 1617 9
3531 3919 62
2750 3879 20
1489 2166 70
1267 1809 62
12 3254 48
2691 3360 52
444 1980 53
1421 1919 93
1422 1921 68
894 1913 86
582 845 49
1549 2590 27
1239 1808 59
1027 1163 61
404 1970 9
958 2912 36
2900 3601 45
3337 3993 81
1320 2064 62
250 1051 79
1210 3259 81
2079 3718 51
1236 2459 39
2426 3374 78
647 1854 66
1867 3570 24
692 849 26
2129 3980 64
1358 2606 91
2229 3846 84
3605 3772 73
559 1992 55
350 1239 43
492 3431 54
1206 1815 94
1453 1526 66
883 2519 82
2404 3912 71
66 568 59
501 1036 87
1182 1261 89
1677 3497 72
375 2143 98
444 3424 68
2733 3440 23
55 483 89
1232 2303 23
1187 3115 43
643 2868 45
2916 3309 91
187 601 18
3680 3962 46
232 3091 94
250 1502 48
292 3341 85
1279 3820 68
663 3004 92
2182 2903 38
2150 2579 18
678 1719 86
695 3277 85
1149 2037 83
676 889 24
97 2053 22
519 2960 44
775 2913 77
1074 2373 32
611 2424 24
374 2919 6
1902 3271 86
800 2036 69
130 3506 49
3320 3572 56
517 2742 11
2154 2650 19
253 3196 64
911 3644 55
268 2975 46
2406 2856 52
2289 2470 95
3128 3961 63
708 975 100
1085 3592 8
638 782 35
686 3937 38
1089 1943 33
1450 2924 52
2788 3923 55
721 3906 71
430 2579 29
752 3277 81
1151 2005 28
656 3995 33
2084 3605 79
564 1199 39
974 2173 58
364 1655 35
47 3665 79
1022 3052 63
2140 3354 28
2683 3254 21
1388 1406 87
459 1435 99
4 2329 45
1672 2403 66
1012 2508 11
3002 3021 21
1806 3023 53
1624 3186 36
373 1642 1
257 689 39
299 2557 18
648 3698 96
767 1369 61
3416 3729 18
1204 2149 95
419 2360 22
976 2148 19
1344 2051 27
341 1614 25
2795 3379 18
571 2290 20
1130 3721 56
2331 3341 55
216 2263 82
1694 3011 34
1595 2165 11
885 2844 64
430 3068 69
3211 3975 28
876 1114 30
569 1685 63
694 3609 8
1922 2490 13
525 2626 51
2137 3161 14
2679 2961 57
1061 2433 65
2062 3693 46
955 3936 25
272 413 64
369 3636 26
858 1339 7
2377 2997 8
2160 3679 46
147 3903 55
758 806 15
852 894 52
2923 3187 4
568 3917 58
25 3619 99
412 1382 72
979 1564 67
255 644 70
1437 3637 24
2502 3527 96
84 3494 70
692 960 80
186 1552 35
2368 2622 28
301 422 55
871 2956 97
2069 2278 63
1129 2579 88
1998 3022 62
3250 3317 7
222 2353 4
909 2832 15
482 893 56
989 1668 82
1007 1560 76
2488 2566 17
1935 3413 38
2296 3513 58
455 860 15
11 556 97
1767 2768 47
418 1640 99
1919 3331 74
1164 3836 91
659 1880 44
855 3216 25
749 2047 65
422 2109 3
1847 3938 37
3774 3801 3
500 1413 37
575 2536 94
2181 2296 80
1800 3058 66
1410 3138 41
2239 3861 29
38 3430 36
2119 3586 55
1167 2201 54
130 3334 21
663 1840 7
2839 3250 3
1276 1874 20
1217 1800 37
645 946 11
3316 3905 94
2117 2127 3
1392 1585 87
104 1725 74
768 1378 72
851 2252 54
605 1253 38
167 1727 64
2250 3636 78
839 3538 23
1535 1628 22
3378 3786 89
1232 3882 80
2562 2796 83
107 1120 42
178 546 19
200 1305 69
1048 2396 66
888 1703 67
1388 1859 72
1301 1321 29
1621 3990 29
824 985 74
3123 3497 59
2968 3927 45
1763 3999 66
874 2284 70
2456 3646 80
2115 2308 58
2465 2732 30
2329 3947 89
1586 2499 11
1554 1780 93
1161 3592 93
2342 2684 53
1434 1511 100
296 3228 76
481 3245 10
181 2923 62
946 2441 96
2530 3744 57
2047 3568 79
460 3837 50
1015 2209 43
1874 3371 30
159 1337 96
412 1047 62
2009 2331 51
455 577 30
1333 2820 88
2036 3480 23
2437 3315 73
1069 1450 52
2489 2887 87
1024 1690 90
1647 3889 7
704 3928 46
1058 1770 10
2234 3386 68
800 3759 79
66 930 44
995 1757 2
623 2926 96
136 1141 80
729 3343 92
3106 3731 51
2454 3665 69
1499 2041 7
1256 2133 45
3126 3768 44
23 1066 21
2694 3985 86
1746 2345 3
1108 3775 36
97 2048 32
2881 3138 92
1847 2459 62
1113 1868 31
44 3309 79
2985 3628 97
3251 3865 42
682 1136 53
3094 3815 90
1365 2188 52
2302 3460 67
290 2832 35
1798 2715 41
1898 3345 34
1867 3791 77
2391 3879 30
2367 3658 3
1915 3799 52
44 3569 1
701 3824 39
3122 3539 56
2357 2500 22
3306 3903 38
3446 3873 28
365 1007 46
1973 2698 0
964 3566 94
1143 1831 80
2322 3924 34
528 2806 58
761 2025 0
336 1348 47
80 3843 21
1603 2198 51
1714 1853 84
1716 3620 61
1452 3681 55
746 3402 74
714 2236 67
795 2841 40
1224 3799 59
582 3166 26
200 1348 93
93 3084 71
2268 3023 83
232 1552 59
1463 3514 41
182 2319 65
1763 3117 24
1385 1821 79
605 2438 28
697 2731 8
570 3719 9
1926 3709 13
3402 3646 35
509 2537 77
300 2032 9
1868 2875 46
665 2139 84
1166 1825 38
1193 3474 70
694 3235 35
388 3284 38
506 1083 4
724 3049 20
722 1614 77
1865 3143 5
222 335 92
467 1476 69
1575 2216 99
617 1161 64
1057 3432 7
100 3977 67
356 3919 100
1179 1904 6
2314 3839 41
358 3273 16
243 1769 94
2098 2629 11
128 571 76
135 3259 75
1165 3004 71
482 2500 86
3198 3211 17
506 1132 8
579 3789 32
2089 2951 64
485 1038 13
3164 3936 6
220 2053 74
1163 2070 86
424 1557 74
2358 2831 18
2164 3388 69
2770 3660 99
926 1866 44
1054 2183 47
3221 3861 99
2658 3875 69
2894 3915 50
283 296 66
216 3282 40
438 1966 98
847 3771 59
2143 2579 31
2109 3344 36
428 500 92
311 3500 16
1446 3448 29
2073 3722 88
173 2679 84
2041 3091 66
2840 3145 66
2322 2368 67
3288 3838 44
1808 2278 32
2256 3502 51
1043 3101 1
1751 3751 85
1235 2646 49
2882 3625 2
350 443 54
1113 1545 60
309 3909 53
758 1984 10
2252 2446 14
1572 3234 46
1132 3409 22
1933 1976 48
501 3717 39
93 3226 22
2362 3274 71
408 1476 32
2286 2726 80
1301 3116 65
1467 1798 29
503 3761 39
388 3874 55
1268 2262 37
1440 1534 46
1400 3781 78
1211 3800 92
2954 3524 19
1410 3493 44
100 3862 88
3215 3337 48
598 2742 32
2532 3710 85
3264 3529 37
624 2336 33
1718 3762 25
2160 2195 54
351 1431 58
3011 3665 95
2459 3447 22
1397 2609 28
1671 2851 58
2020 2894 11
2432 2756 2
1140 1235 52
3184 3706 53
2215 3817 24
651 3219 91
1758 3047 2
2214 2667 19
421 2273 87
929 2563 39
1268 3233 7
470 1814 37
2238 2917 50
2896 3643 89
3094 3138 79
155 1414 53
662 2447 91
328 1324 58
258 652 79
1952 3765 43
122 2212 9
856 1207 62
3420 3749 89
1804 3904 94
380 2701 31
2994 3671 66
3097 3435 35
2234 3929 14
1169 2859 2
1073 1321 90
2187 2291 42
835 1428 12
1598 2559 73
147 1690 60
1610 2410 59
2147 2265 24
739 1137 56
521 2478 28
2639 3725 78
1356 2086 9
513 1180 58
2152 3482 36
1864 3936 18
29 2492 8
387 2143 94
561 3621 54
432 2031 87
768 2340 72
2564 3880 17
906 3015 78
1061 2894 40
2033 3132 60
1258 1650 20
722 1227 29
1277 3205 13
1860 2872 73
1536 3523 95
364 2426 72
873 2423 53
741 3913 12
517 3385 16
106 664 91
2741 3476 78
1372 2830 94
3725 3882 63
1296 2072 83
795 2521 44
283 2760 2
2288 2406 5
395 3677 87
3036 3189 57
1199 3391 68
2648 3480 47
1324 3186 91
1439 3905 64
1272 2255 22
2663 3639 95
856 3810 67
1953 3030 59
1995 3601 100
753 763 80
871 2871 11
1989 3143 22
524 1205 67
1325 3609 71
1495 2573 66
3649 3846 8
224 1334 93
3174 3705 58
1455 3018 70
337 2838 70
388 2386 30
836 2418 82
1212 3207 79
1851 3884 37
1973 2947 89
692 2481 13
655 3962 37
521 1482 50
82 2035 84
167 332 56
2044 3570 27
1968 3906 18
815 1283 57
1461 2841 79
5 381 5
1859 3585 92
2471 2956 2
216 3818 41
919 2308 53
1723 1780 66
230 2134 97
952 2130 60
1016 1512 7
2470 2924 65
143 906 56
1927 2425 68
2916 3819 90
1146 2754 48
1180 3241 5
2005 2260 38
2292 3431 36
110 182 24
428 2823 23
84 314 56
74 3696 80
747 2431 46
1180 1573 36
219 825 12
424 3739 1
36 3415 39
215 1245 28
2212 3212 72
3096 3303 70
2318 3720 61
1287 2513 45
8 856 57
905 3408 55
1163 2959 47
354 3805 61
1162 3327 0
975 2236 79
3203 3981 32
2072 2872 8
596 2531 90
1763 3237 48
1929 3177 60
2019 2840 77
999 3462 35
1085 3441 69
284 1651 53
879 1455 87
706 1403 8
12 3931 4
1364 3673 33
1943 3218 72
1901 3757 89
2359 3677 18
60 331 63
35 2991 53
608 3123 28
1963 2146 44
573 3806 70
155 400 51
2060 3166 43
367 3068 63
1849 2541 76
1414 2743 87
2066 2914 69
258 3879 10
91 977 51
2693 2988 26
376 2883 45
2542 3703 58
1551 2233 85
1427 2452 97
2153 3760 89
1784 2645 29
1790 3962 98
19 853 50
2709 3946 56
172 1125 96
1012 2999 41
252 1812 1
319 3151 45
14 1936 32
480 2252 74
490 3587 29
374 938 27
348 3136 71
536 3769 51
325 1231 29
2786 3598 11
1430 3069 82
142 2440 6
1631 2476 19
207 1171 63
1268 3484 25
1501 1604 75
1163 3185 97
3391 3724 80
442 2613 36
1915 2862 78
1639 2047 71
117 2077 23
471 862 16
563 706 34
956 2396 65
1599 3612 40
3190 3392 49
2161 2928 77
2531 2998 69
1511 2213 40
136 3571 2
2183 3366 69
364 2083 16
1703 1916 65
2134 3066 96
2246 2785 86
2337 3479 21
1020 3308 96
2822 3795 87
213 1640 43
833 2844 12
505 2554 31
299 346 15
24 1447 2
1256 2806 39
1400 1869 0
321 2022 75
1838 2106 99
293 3757 71
693 984 16
232 1476 88
217 3266 80
742 3252 22
206 1996 84
127 2165 89
1371 3174 17
1538 2015 90
342 3735 27
1016 1228 46
2939 3617 73
1336 3960 36
1126 3520 19
336 3975 46
800 935 35
1846 3794 27
2835 3209 63
2141 3901 33
44 1255 7
743 3123 8
2091 2209 76
3186 3241 3
1892 2143 8
15 2350 1
1125 1847 86
1612 3333 26
3069 3283 41
1707 3332 56
1890 3064 38
2957 3226 31
3540 3877 52
543 2052 48
179 2804 19
1819 2070 52
1451 2076 12
837 3029 83
2347 2475 68
1113 3607 23
615 2853 57
800 2509 42
3138 3536 100
347 1668 66
558 1228 48
202 3119 97
1722 2231 64
1877 1882 34
2798 2822 66
405 2018 62
3147 3459 0
2922 3023 84
2228 2970 89
861 1426 74
322 977 84
228 2279 20
1456 2261 64
2646 2650 90
2738 3001 42
890 2741 47
439 1976 100
349 1485 70
3273 3990 1
1318 3269 97
945 3527 41
192 1975 61
1065 2408 44
1076 3405 12
2520 3242 61
899 3780 82
1500 3484 58
2769 3555 59
1565 3509 48
1218 1996 71
2247 2551 62
1350 3391 56
269 2985 59
1758 3842 61
512 2926 80
1166 3547 28
1033 2744 85
226 669 87
1104 3752 62
2457 3961 33
160 3750 21
2175 3510 92
675 688 73
2614 2665 0
2673 3073 3
742 3736 38
1000 3152 45
766 1251 97
1422 2555 100
3417 3601 59
1066 3307 24
675 680 95
508 3185 15
1866 2941 82
1285 1803 10
842 2984 43
2128 3819 54
65 1631 77
227 1009 64
581 2259 79
1533 3268 43
117 2675 40
1375 3344 72
643 2058 67
2121 2734 26
1386 3292 72
1580 1929 11
209 2540 9
1199 1639 41
419 1967 36
946 1755 73
453 1102 26
320 1086 46
3060 3895 98
76 758 5
1066 3209 93
1146 1842 93
1388 3637 64
404 2659 34
1174 3009 37
2844 2859 14
138 681 50
1180 3729 34
1302 2476 68
1061 3076 61
1262 1411 47
1411 1722 27
532 2966 2
803 962 13
1764 2258 100
1822 3940 86
2609 2867 58
2832 3632 12
1005 3332 54
696 2337 89
353 1598 54
123 501 71
674 2359 92
122 2977 55
1138 2600 85
305 2789 28
3602 3724 21
1454 3337 78
41 3691 31
852 2625 40
628 1346 78
1706 2502 76
2479 3992 3
800 3318 54
1947 2360 68
2445 3241 14
250 412 46
990 2588 42
1884 3039 54
541 2737 42
2856 2955 90
2891 3876 26
288 3842 31
780 3328 87
1944 3524 26
314 1553 49
1071 2105 32
1091 3970 5
194 2305 14
1011 2263 19
1352 2600 38
1650 3795 76
311 1570 79
2168 2330 74
2541 2694 41
748 760 81
2062 2756 18
708 2757 71
571 1473 42
1394 3062 10
355 2123 54
2086 3984 93
1088 3644 25
2898 3194 94
138 3141 75
439 2958 40
1000 3572 2
920 2795 22
2822 2932 46
2761 3779 58
219 3319 19
2564 3769 92
238 2184 75
3368 3970 4
555 947 32
2143 3083 50
864 3722 66
688 2186 44
1362 3164 7
1069 3300 11
1895 2572 6
87 3428 20
2358 2863 77
530 1111 30
146 602 16
1677 2566 51
461 1006 91
3533 3885 19
2499 3455 50
2929 2974 12
593 1633 24
121 3039 86
245 2818 54
2251 2522 40
583 3875 84
351 699 55
101 2138 13
98 273 30
381 3876 99
559 2995 41
134 2864 98
1583 3431 84
1213 2747 100
2386 3952 83
1854 3013 88
713 3244 23
296 1915 46
1938 2954 29
124 1210 45
757 2047 76
383 1678 39
1618 2020 5
549 3354 77
2743 2959 11
1182 2341 23
346 2283 83
382 3228 70
1093 3028 40
2958 3882 21
433 933 65
99 1533 52
1220 1469 13
11 1578 48
2038 3643 64
1985 3483 35
1062 2300 73
662 3843 30
1862 3377 84
24 1081 6
794 1301 86
1391 3134 84
1463 2061 15
453 835 68
961 3603 86
1727 3799 7
472 2245 47
1651 2169 52
2929 3749 2
1224 2223 80
2777 3621 1
628 3699 2
3811 3865 8
1137 2638 93
1856 3952 0
2669 3844 99
1217 3021 77
2185 2688 64
1051 3812 65
2712 3506 45
970 3031 90
2525 2795 86
365 2811 48
99 1678 72
399 796 52
1210 2248 90
201 1689 31
2087 3258 14
621 3947 67
2920 3283 2
2153 2592 15
614 3067 11
266 2990 29
2061 3115 62
295 1532 6
1341 3708 60
294 695 10
834 2515 76
156 955 4
472 2619 8
190 1236 81
983 1680 43
790 1226 2
731 2101 0
329 2985 33
319 3464 48
2322 2838 64
1609 2170 59
216 2195 12
1505 2772 45
1169 3325 68
3479 3868 14
431 2761 57
1752 2482 91
2482 2780 71
203 2662 82
161 693 96
1331 3992 58
3323 3342 26
701 2781 36
1192 3454 10
821 1700 11
1224 3403 14
380 1481 28
2930 3651 35
2026 3089 87
391 1157 76
1966 2279 48
566 3079 7
1380 3357 58
1665 2585 94
2179 2730 82
268 2800 53
2165 3369 84
2075 3156 15
1629 3937 21
1272 3370 63
1170 2885 75
2063 3182 87
2181 3623 92
1187 1914 51
14 1962 93
222 3840 70
1272 3997 86
271 2550 87
1616 3985 100
319 2423 47
201 3588 32
2781 3108 3
2137 2751 14
1049 1536 69
165 3019 78
979 2624 90
72 84 2
2354 3067 15
2401 3903 36
2635 3534 50
1466 3873 25
355 2752 45
2267 2930 92
1578 1995 29
892 1395 21
2130 3061 88
1418 1783 97
953 3667 56
166 1769 52
887 1151 74
1315 1484 32
1760 2644 1
42 3589 56
1355 2412 1
487 1620 4
918 2406 15
204 3072 80
1458 2716 84
643 3843 100
1054 1397 76
332 3289 60
2436 3539 93
2000 3990 82
838 2392 32
1475 3255 48
396 853 76
3106 3142 40
1139 2719 33
1038 3685 65
818 2737 100
516 1996 71
1395 2169 18
1484 2106 51
857 2568 36
786 2480 0
2022 2355 88
783 2291 68
2241 3826 91
1536 3535 26
245 1726 100
1659 3150 42
157 3061 33
889 3056 91
2002 3959 14
951 3211 38
2194 2572 6
413 1308 53
2392 3959 90
66 1520 70
1174 2642 91
1242 3051 89
2074 2619 97
2165 2778 76
3005 3274 70
211 3149 10
1173 2601 40
705 2505 8
1522 2858 29
2570 2926 27
190 222 61
2326 2737 25
2860 3181 19
142 1667 82
752 2301 89
1908 2366 18
133 2568 32
55 1944 55
2584 2617 48
785 3048 84
664 3314 7
265 2977 100
938 2310 5
67 2780 62
1100 2830 99
552 2178 61
774 2664 100
3181 3452 63
449 2885 44
1255 2915 35
2726 2918 37
120 3233 44
714 1221 64
1579 2884 8
548 1670 38
45 2871 34
1993 2377 11
437 716 91
3498 3981 42
863 1206 59
552 3454 83
1868 2615 48
699 2258 54
1846 3163 40
257 1093 8
1012 3575 12
118 1114 68
767 2457 64
1330 2823 25
1633 2804 47
598 2267 63
1364 1582 49
3141 3796 18
2139 2233 76
2306 3652 76
3540 3598 18
1196 3671 68
264 3868 18
454 1916 46
1897 3008 77
2347 3557 8
786 1115 71
652 3273 91
2718 3367 29
2254 2411 12
909 3815 30
120 3627 26
73 2096 75
2266 2851 89
2042 2272 59
2855 2895 44
186 1409 42
2888 3579 85
1730 2556 51
20 743 34
609 936 20
793 2282 89
1397 2522 22
1384 3799 19
436 2496 14
211 3416 74
104 3312 40
3625 3781 1
2503 3730 1
1586 2093 1
1114 3195 87
3134 3270 81
1703 3751 71
1557 2913 66
97 3765 36
1702 3163 16
252 2471 94
1382 2866 91
1197 1612 83
1009 1078 29
2796 3379 72
3090 3848 21
167 3512 33
301 2207 52
2630 2866 62
16 2544 63
293 419 26
176 2115 34
2822 3710 58
251 1331 81
1716 3708 48
502 1874 88
381 1168 52
2318 3933 26
1647 2301 31
556 1107 62
1765 3382 81
1831 3457 55
860 2646 35
751 2719 65
1382 3984 80
1434 3130 32
1247 1525 56
493 1896 48
3297 3340 86
2269 3245 36
507 1308 15
1886 3968 99
362 3440 24
127 3998 97
315 2827 74
1257 1990 32
1378 2411 93
980 1535 33
861 2388 21
253 2835 68
1268 1462 9
663 705 42
2993 3104 99
3150 3581 58
1892 2129 52
2905 3202 83
278 2475 97
1428 2890 75
2908 3621 48
2113 3633 53
2047 3385 8
1676 2559 36
1613 2339 12
407 924 34
3137 3576 27
487 1323 71
144 2687 44
1030 1474 31
197 2179 84
199 965 71
1014 2715 56
2689 3242 65
1808 3427 29
1196 1945 50
2838 3962 96
460 1884 87
585 2650 39
1441 1675 5
219 933 6
1312 3919 73
1 83 17
275 2378 53
1099 2932 21
1211 3702 72
1325 2414 23
451 878 35
368 1468 40
365 1437 81
245 3382 30
1013 1656 33
2417 3963 83
2081 3938 43
643 1525 8
1642 3855 1
2432 3498 59
383 812 25
1940 2800 15
2296 3838 35
1411 2693 98
3339 3528 90
1063 2378 81
2542 2679 13
773 2425 20
543 3851 70
373 3752 54
562 1610 39
955 3471 53
1471 2838 87
1095 1750 2
2265 2884 0
2120 2710 65
252 884 86
1398 3983 15
2972 3253 31
2140 3413 90
554 2707 61
1735 2816 30
795 2424 88
2060 3820 15
321 2773 100
594 3695 9
1673 3838 25
3423 3430 68
261 2192 87
1838 2219 49
1067 2926 1
970 1027 27
13 1810 60
1060 2865 96
1865 2676 17
3491 3995 60
1767 2998 76
612 2464 38
1412 3739 89
552 1840 33
2067 2665 29
1501 3726 12
1278 3213 93
575 2392 76
1026 2393 16
3580 3663 9
1478 3692 46
1154 2504 26
137 1717 48
1863 3971 52
266 3305 92
113 1277 14
1059 2479 88
149 427 47
822 1784 14
276 1080 44
1092 2363 92
3514 3979 92
1230 3163 1
2457 3798 96
1016 1078 89
2210 3096 55
1353 2892 70
231 3107 25
3112 3452 33
1249 3540 23
1822 2880 38
1194 1854 30
1517 2922 51
2745 3964 4
433 2689 45
1642 3052 75
1057 1161 76
957 3775 24
400 2000 6
642 3841 24
632 1805 77
717 2449 83
669 1066 37
342 2999 97
1949 3020 16
402 3123 58
773 1475 11
793 2787 36
888 1218 11
2438 2677 73
1191 2472 50
996 3913 39
976 2004 38
2953 3207 19
78 2883 100
313 1334 41
2144 2930 86
60 3091 76
2302 3818 34
408 792 80
3113 3975 45
699 1317 31
3093 3698 24
759 2901 21
692 2419 88
1805 3979 6
2551 2754 94
3033 3542 82
1283 2238 29
1968 3366 58
1060 1135 26
495 2437 87
1094 1199 62
404 1095 93
2359 2861 91
1910 2132 61
3315 3419 54
1173 2161 53
1171 2491 53
994 2971 40
1080 3903 24
590 1576 88
878 3187 6
2313 3755 77
879 2185 36
1818 2249 51
2746 3529 11
274 2987 3
752 1460 73
202 733 40
3428 3763 67
277 922 15
332 2495 11
145 172 47
643 1083 34
3000 3045 40
1588 2058 98
908 3092 54
263 3091 59
2337 2863 93
2172 2921 9
188 3960 53
2444 2454 99
3391 3532 50
1074 2501 34
713 2525 61
236 1406 44
1619 3379 46
421 3537 67
785 2908 87
258 3210 76
766 2969 93
663 2505 27
1232 1962 91
993 3064 94
652 2215 11
1620 2248 6
337 2634 1
1407 2261 82
102 3253 78
1366 3353 41
1946 2169 33
915 1756 43
1427 2984 17
2042 2311 74
1257 1881 39
1863 3948 92
54 2939 64
76 1111 48
410 2658 4
190 537 31
3216 3471 1
563 993 12
1833 2135 100
3195 3849 59
688 1320 93
857 3555 82
1972 2761 62
873 1338 17
3581 3684 77
997 3800 54
1118 1560 96
648 943 14
2327 3897 33
807 1618 70
1161 1385 78
414 1850 21
2993 3413 84
1780 3178 0
3109 3888 55
3617 3634 58
139 809 11
288 933 52
1247 2676 19
1025 1996 64
580 3705 69
1677 3228 98
618 1662 38
890 991 69
661 2602 17
1488 3465 54
415 460 66
588 2091 66
2372 3299 74
1909 3599 22
1699 3912 28
141 182 61
1235 1909 53
2388 3632 74
18 3909 36
2826 3438 2
2118 3451 34
614 2151 69
3344 3884 25
2167 3706 21
214 1064 4
408 696 76
408 642 61
1551 3284 36
539 1188 10
1486 3406 23
1230 1563 1
783 1807 7
2508 2846 58
2049 2373 74
1135 3560 80
409 1077 74
67 1513 17
311 2446 42
317 1346 61
1526 3515 22
2371 3178 70
539 985 9
3239 3793 98
1804 2513 19
1975 3963 40
2440 3006 90
3476 3634 52
26 966 43
403 2538 67
1666 3310 62
2397 3597 27
53 912 65
378 3633 72
471 1349 12
1332 3980 39
1181 3345 93
1276 1878 89
711 2251 46
2025 2829 85
1093 2470 15
244 3300 74
2174 3694 64
979 3073 84
2585 3666 99
2004 3870 3
1084 3461 0
345 1034 59
251 1253 58
2528 2705 4
1186 3602 2
638 3387 47
951 3718 6
1237 1467 74
1789 2379 98
1404 2148 58
1024 1692 7
2083 2107 85
485 3056 22
3069 3698 10
2543 3230 77
964 2956 55
649 905 69
1738 3471 22
2548 2765 87
307 1082 54
2504 3008 83
866 1426 19
622 3375 89
2187 3941 52
1325 1962 80
796 3081 62
1988 2518 40
1914 2268 0
608 2352 18
430 2784 10
4 2301 67
1533 1633 89
253 254 22
221 776 97
764 3838 3
1549 3891 15
1251 2485 37
2030 3809 68
60 1492 38
303 2922 66
478 2746 51
821 1267 73
595 921 6
3659 3699 15
1320 1515 20
3118 3551 11
2121 3781 26
1694 2130 8
580 681 91
359 3615 56
959 1876 69
440 2073 82
707 1974 47
141 3395 9
2395 3124 67
219 3965 42
470 835 4
865 1921 50
230 2419 67
279 1698 5
3121 3213 32
527 2211 92
1211 1403 25
676 1979 11
468 3826 72
524 3421 52
2400 3483 65
864 2724 60
432 3509 37
290 2369 7
726 2614 7
302 3586 7
1604 3709 38
1359 2646 33
1832 3333 47
88 3499 63
2418 2663 75
938 3546 47
612 1519 18
408 1701 65
360 2695 21
3152 3860 68
209 3670 37
2402 3833 49
1547 3118 2
2459 3945 11
2531 3025 73
1563 3104 17
1509 2035 25
3307 3522 3
150 1313 66
637 3894 96
878 1041 17
324 2698 41
1123 3615 44
1252 3133 28
778 2333 39
1575 3099 86
82 3715 9
747 1294 59
650 1707 40
431 601 3
947 2238 73
1569 2215 80
1631 1872 58
1675 2325 91
458 1581 90
1530 2317 55
1343 1808 55
31 3403 30
172 960 12
3185 3691 79
2137 3929 86
1014 1760 47
1181 2697 16
643 832 42
571 1286 43
2171 2783 90
292 2428 4
1201 2942 23
1765 3019 67
3029 3855 51
1007 2043 77
15 2289 48
330 1946 9
525 618 94
99 3937 49
334 621 95
1287 3473 51
1166 3046 4
1964 3365 32
1498 2471 52
1960 2510 58
1328 1363 69
2292 3797 97
298 329 11
2110 2301 71
1305 2558 87
1845 2171 53
113 3199 10
1503 2388 60
946 3651 94
1502 3934 73
487 3588 14
508 2546 22
1771 3563 90
3226 3926 72
1630 3724 93
514 1362 95
259 3656 85
1604 2758 84
494 1121 24
1109 2629 14
2073 2653 69
974 1127 99
3140 3607 19
580 2621 93
1024 1478 47
974 1876 33
1226 3503 41
2404 3886 52
2205 2962 46
1929 3804 18
1850 2225 93
106 1042 25
3020 3965 20
213 1024 13
2722 3840 18
720 2433 92
113 1335 32
1612 2569 20
1523 2592 72
2850 3212 49
2912 3537 82
2723 3642 44
267 3882 76
871 1385 2
988 2286 5
165 567 93
960 1185 49
3639 3869 15
3131 3232 13
2003 2172 36
353 3374 74
1506 3733 49
3219 3323 9
2596 2987 100
1903 2744 82
43 96 93
29 2359 24
851 1150 76
1965 3105 51
283 3291 2
1536 2164 38
2411 2648 66
339 3513 36
1619 3599 18
127 3070 44
1404 2088 4
1051 2048 5
503 1625 23
3045 3664 2
2070 3058 5
286 390 86
721 1636 81
108 2919 36
193 1753 10
3762 3988 96
1155 3471 4
1652 2622 58
2422 2886 41
417 2006 82
472 1770 73
2419 3908 46
2477 2602 45
1303 3531 89
300 1537 82
1187 3693 57
246 2784 68
184 1054 34
2664 3766 52
600 3729 42
2244 3361 45
1903 2508 67
2179 2190 19
64 814 88
269 3301 43
1611 3574 26
600 3258 28
889 2122 65
1572 2458 70
3289 3492 38
1583 3374 73
2581 2793 44
3231 3505 73
733 1746 35
640 1280 41
853 2016 29
1920 3063 23
68 2798 34
1521 1790 54
2980 3531 41
1101 2530 98
493 1983 14
112 3120 54
34 2896 90
2038 2558 61
290 908 16
1687 2960 13
3325 3434 61
1302 2193 39
514 661 100
515 2805 22
199 545 0
780 3754 30
771 3598 18
1238 1982 5
189 1807 67
105 3707 93
2314 3036 12
1335 3174 99
184 2182 16
2017 2576 90
243 1627 19
855 3516 24
2547 2864 29
1083 2663 40
1982 3823 34
1871 3302 93
81 395 39
1156 3489 1
407 3696 25
209 339 85
1910 2604 8
1020 2022 79
2076 2689 63
1069 3063 37
545 3862 20
1972 2436 62
2061 3348 59
209 2819 10
607 3768 92
1930 3831 77
1747 1978 96
1611 1902 25
594 3973 4
2561 3186 38
820 2288 68
1528 3986 89
1079 1111 64
86 2035 0
1135 1280 32
2946 3942 62
1159 3037 26
87 3438 43
1784 2141 78
2252 2619 76
679 1634 94
2251 2427 94
529 1962 80
961 2449 26
393 3341 93
247 875 41
2045 2407 85
1899 3755 22
3108 3620 85
2189 3622 96
577 1842 64
1320 1924 38
884 3436 64
1664 2201 97
1511 2984 23
715 3215 62
1806 3894 30
2921 3218 99
1194 2632 80
2476 3442 33
373 1708 60
2015 3938 16
2189 2781 69
296 755 74
440 2754 11
3402 3881 36
611 2257 57
2476 2791 81
1003 1366 18
2181 2569 86
3094 3919 38
2146 3293 48
1917 3946 79
1950 2554 39
1920 3825 23
679 2655 10
1447 2352 54
47 1124 60
1015 2973 41
2435 3406 94
352 2688 30
1414 2307 44
1675 2193 52
1643 2660 8
280 1544 66
145 952 58
185 2374 3
3329 3649 8
2991 3043 48
2853 2872 63
1641 3442 84
721 3745 54
1155 3302 26
863 875 64
1892 2901 31
1304 3108 19
584 1169 38
2361 3006 92
1759 3781 70
2236 3741 56
1361 3376 21
118 1830 15
2619 3674 54
531 1358 89
997 2621 55
1712 2369 35
55 145 95
977 1416 66
1809 2805 4
1083 3963 80
553 1084 59
916 1952 90
1414 2088 10
807 2415 4
307 3004 37
2564 3832 94
755 1513 10
1002 3694 8
924 2400 5
2478 2971 31
1218 3948 72
664 3848 37
2382 2967 82
3411 3459 77
1145 2472 1
3236 3548 37
1463 2339 25
406 593 91
5 1696 47
1620 3014 43
836 3406 10
1036 3974 54
59 3747 37
446 2051 77
960 2767 86
2590 3615 92
3422 3523 30
236 3461 42
764 3057 25
548 2834 63
1484 2234 55
1192 1955 18
1381 1948 2
1643 1781 91
91 2908 57
1742 2962 30
2176 2238 28
957 971 11
1483 3334 74
1771 3582 67
1670 3949 30
281 502 44
2494 3015 38
836 1282 60
1792 1975 65
105 700 52
1728 3271 89
1091 3424 96
466 1109 28
1891 2754 99
488 3817 47
3250 3641 99
840 3884 14
788 2523 20
1883 3641 1
2690 3197 90
1907 3675 51
985 2782 26
286 2801 90
1311 3402 79
3548 3813 81
307 1110 4
2364 3284 65
181 183 81
3226 3762 96
16 3471 0
685 2571 60
2545 2679 17
956 1423 48
3054 3275 84
466 3014 97
2927 3260 71
2338 3084 38
497 966 16
2876 3420 47
45 1295 57
1707 2878 55
481 3198 0
312 1112 28
261 655 17
3037 3414 59
56 1813 74
433 531 31
1839 3101 37
1988 3997 82
1997 2249 30
38 3086 39
291 3698 94
2310 2931 57
940 1320 17
861 1324 52
212 2278 80
289 1868 70
3516 3985 94
2343 3569 13
883 3868 26
1226 1430 16
1346 1371 13
165 3535 65
1502 3551 19
1875 3439 6
435 1682 15
691 1426 45
1395 3736 5
1710 2772 98
2264 3379 97
1281 2526 18
144 2918 35
2753 3006 27
2675 3378 19
1108 1490 24
1330 3323 21
531 1109 98
270 2171 17
772 3104 42
1029 3181 91
225 480 42
1544 3022 4
1511 2256 71
1588 3822 53
857 900 95
2073 2595 80
1151 3239 24
1906 2761 31
179 2500 93
1908 3814 73
546 1405 14
796 1344 27
28 2408 4
58 3205 5
1083 1920 23
431 1248 16
87 781 49
862 3050 59
106 667 41
340 559 81
604 1952 64
428 2879 98
1493 3990 53
469 3143 25
2176 3090 93
17 3946 53
801 3585 50
192 1057 32
1785 2225 15
2853 2925 62
30 3784 79
2458 3183 94
182 310 35
1492 2187 23
327 2986 32
1526 3044 67
602 1345 76
1535 3590 83
618 1961 18
460 1732 83
251 436 95
1354 1390 23
215 2501 45
1833 3281 88
1340 2916 65
1579 3413 52
2923 3961 55
943 1500 6
460 2782 97
2711 3586 70
779 1488 28
69 2435 66
1136 3046 63
1007 2042 83
478 2703 18
3398 3884 58
581 2483 66
1911 2072 99
627 3111 34
1253 2433 87
1692 3756 94
1130 3220 26
1602 2994 0
2455 3642 11
2380 3519 88
1759 3308 67
2333 3360 90
109 2582 34
8 355 6
2004 2933 100
1037 1067 19
3783 3991 70
1885 2134 62
537 1532 94
282 3735 93
2235 3314 12
1487 3920 53
2458 2621 24
2540 3844 49
86 1922 38
1826 3948 92
670 3980 22
427 1796 21
108 791 5
687 806 65
2386 3283 85
659 2844 93
457 3627 44
939 3303 13
1971 2898 9
1479 2583 91
3682 3840 71
78 947 78
2297 2761 6
2308 2638 48
567 850 56
608 2879 50
242 2653 45
342 1854 45
1010 2875 88
62 1638 49
33 3507 40
136 3343 54
410 1902 28
251 3548 16
893 2692 65
189 396 16
472 1717 51
622 3481 34
589 3990 15
2338 3628 41
478 1930 16
1828 3219 29
1983 2559 89
1618 1731 14
429 3366 59
60 3643 49
673 3048 12
1198 2061 19
2486 3099 92
1684 3057 23
1457 3777 68
1688 3155 52
585 3429 10
1123 2994 47
1864 2451 35
655 3444 73
2979 3767 93
3237 3469 10
372 3285 68
3301 3470 95
1646 2715 98
255 1938 97
1744 2787 19
515 1426 56
17 903 19
133 696 12
1722 2304 75
1259 2229 34
776 3003 68
1851 3376 37
2839 3847 90
1655 3342 69
473 3718 60
2301 3056 46
703 2137 38
1265 3036 65
784 3391 71
722 2421 94
895 2122 63
866 990 41
1451 2347 5
1926 2401 84
1088 3751 27
170 3972 91
977 2031 55
991 2915 91
17 3839 69
2087 2689 71
1720 3118 25
3108 3368 55
1556 3853 35
9 216 40
1841 2720 29
1149 2303 77
1827 2567 80
1767 2094 47
1381 2440 12
3152 3579 88
3014 3153 55
397 2428 46
1501 2677 78
101 3300 62
1475 2646 69
555 2881 63
1558 3217 14
2787 3827 2
3708 3890 61
8 2143 25
391 2265 38
762 1850 92
1387 3206 85
971 1199 15
397 3530 34
644 2745 54
1273 3865 24
829 2353 100
1893 2904 65
1328 3733 56
833 3671 52
21 1524 43
906 2000 74
1463 1998 17
2748 3037 25
2371 2747 8
42 2840 65
1467 3884 63
2405 3151 92
3222 3621 82
1077 1629 17
1083 2116 37
2641 3079 53
2631 3683 74
1816 1841 12
3553 3798 44
730 3922 73
531 837 83
176 3009 52
420 2246 68
910 3797 18
2275 2507 94
115 1383 9
2067 2371 64
821 3575 83
2721 3889 17
1567 3947 3
3405 3552 44
836 2367 54
1410 2494 60
545 1492 77
830 3223 93
1361 3844 10
278 1083 13
2406 2492 72
2067 2414 13
1702 3439 15
2212 2684 95
466 2830 35
1935 2577 87
3166 3973 15
2068 3073 27
2844 3017 13
2247 3420 43
881 3200 94
1349 3306 27
285 1939 18
1976 3020 31
322 1125 85
3308 3369 33
2378 3329 22
1261 1747 39
939 1862 89
304 2108 17
1455 1780 32
1892 3929 55
312 1740 13
1225 2516 80
598 1508 76
1218 3963 30
397 2774 78
62 747 79
2487 2825 80
1832 2085 28
119 1216 89
56 2391 85
2427 3689 25
1800 3568 28
112 1081 13
1023 3159 45
1765 3264 87
979 1363 28
3323 3774 62
918 3747 75
116 1942 10
1973 3637 19
3350 3504 15
2021 3711 85
103 1574 70
2373 2427 59
866 1086 89
364 1383 49
932 2564 17
1289 3516 28
2017 2030 7
1803 3371 20
2023 2426 29
161 3875 10
1702 2472 27
1231 3945 79
48 889 4
1156 1324 40
2659 2818 6
252 3349 15
605 3529 47
1571 2226 16
3145 3730 76
935 1108 57
385 2772 4
2282 2900 20
1752 1863 35
2840 3298 43
85 2323 92
2036 2957 66
151 2896 75
2044 2993 30
1969 3628 71
1553 2675 46
1505 1891 83
6 1483 60
2446 2963 65
1321 1739 20
60 2934 50
1031 1243 43
3408 3576 30
2118 3528 54
1203 3537 15
733 3653 94
2488 2901 11
699 2999 71
3105 3902 67
3176 3188 97
403 977 20
1493 3076 63
2289 3801 87
1658 2329 44
37 430 42
659 3842 62
1259 3555 51
867 2775 23
3581 3953 37
2527 3018 36
1935 2257 73
2136 3006 79
236 1455 35
140 1533 17
1784 2417 12
1678 2403 65
1457 3324 88
1905 2753 31
1767 2653 25
2670 2873 2
2033 2633 60
239 2177 6
351 1004 58
1055 2722 93
1196 3519 25
279 3238 12
2422 3676 40
828 1957 36
39 3745 8
2575 3272 5
759 2276 80
1767 3038 70
828 2005 64
819 2731 8
2886 3479 8
3080 3135 50
873 896 49
103 2292 21
52 2538 68
1157 1331 1
2685 3746 53
1340 3467 22
336 2500 40
573 888 28
580 2079 68
187 896 3
166 3915 50
1085 1523 31
2372 3648 43
1398 3455 4
874 1027 80
1662 2568 89
2874 3929 94
1917 2645 28
2033 2437 95
469 716 67
535 575 64
568 3929 57
1636 3155 51
1199 2096 30
1885 2321 33
506 3159 35
163 2159 18
3028 3381 15
961 3325 17
1196 2408 79
163 788 91
1982 3799 37
1529 2918 53
525 1962 60
542 3849 72
1493 1511 20
1305 1591 10
172 1716 58
229 1349 10
1454 3396 13
3776 3970 49
2260 2439 15
83 2964 6
1194 1617 87
1470 3293 2
1590 1612 1
2081 3048 14
349 2474 34
795 3268 73
354 3941 67
1488 3389 78
1092 2465 99
258 2513 43
2659 3381 15
87 3431 52
78 1924 68
771 1298 24
1739 3124 38
32 2413 80
864 1062 88
2114 3313 77
481 3494 48
337 3690 30
898 1652 25
1837 3568 19
2422 3426 54
1797 2773 99
2437 2803 60
421 729 44
337 3526 63
38 2583 28
2421 2688 99
1772 3801 55
1753 3852 49
769 2372 43
182 2662 71
464 2934 84
1543 3222 52
176 3659 10
763 3828 47
1418 3507 27
2471 3461 55
3069 3277 6
2298 3489 57
359 3112 9
1137 3675 43
536 1501 3
1564 3922 56
1666 2021 75
882 2191 18
891 3250 5
1216 3004 11
412 1039 16
3888 3961 90
42 1888 3
2724 2918 47
524 1276 77
155 631 3
1801 3797 61
268 1343 46
1435 1528 87
839 2071 9
1516 3715 86
604 3662 28
3263 3597 91
10 3574 71
1401 1716 19
2907 3564 44
168 2949 2
2985 3179 33
2263 3993 10
690 1826 9
1623 2646 60
1075 1956 86
1186 2757 9
1941 3016 94
2087 2947 38
1632 3963 4
2745 2805 56
471 482 64
2782 3365 0
2907 3888 67
1556 3132 92
548 2770 57
2763 3613 4
1429 3581 51
2975 3180 5
600 2947 83
2573 2629 40
1440 3107 44
228 406 30
2478 3879 35
857 982 64
620 1479 1
1578 2156 75
960 3429 17
1136 3338 73
1517 3504 16
734 2791 0
2969 3159 45
1931 2468 17
453 1063 64
2596 3860 90
136 1502 97
327 3646 88
2177 3840 79
2040 2733 33
161 1752 69
2615 2958 49
915 1799 75
2128 3664 56
2089 3784 38
1062 1179 47
2238 3015 66
1215 3340 10
501 3246 47
3261 3491 30
3072 3261 64
1347 1873 84
472 2494 84
1894 2658 2
2264 2273 9
145 1516 6
1575 2446 35
1131 3864 12
2890 3616 66
1791 3142 57
2157 3389 43
1555 3703 41
680 3827 3
2638 3196 75
1241 1360 95
441 3215 18
3445 3914 20
2406 3642 4
779 3780 11
592 3847 37
463 3826 83
1510 3041 75
1367 3307 90
2750 2786 28
3249 3792 91
2548 2825 93
1166 1851 4
77 440 75
2681 2853 38
2609 3861 34
1151 1765 83
1226 3972 13
1394 2266 55
117 2937 48
1322 3319 66
634 2155 49
353 1933 23
1902 3587 41
5 763 76
732 1772 84
336 2060 12
382 3443 20
2098 3792 37
3182 3543 48
1810 2664 44
1102 2820 87
73 76 0
55 1809 1
1504 1936 13
1834 2696 99
2384 3392 67
3289 3597 29
1069 3882 48
419 3341 29
788 3997 57
107 2539 42
572 2564 59
1455 2651 53
1002 2975 61
1329 1525 100
2899 3019 7
1136 3597 54
1504 3655 99
1099 2870 8
1529 1743 76
357 3208 77
3265 3807 46
326 907 5
91 1274 12
860 911 71
2641 2849 95
1672 2988 88
1655 2514 9
2276 3684 51
1749 2497 34
948 1228 8
709 2542 68
1624 2954 33
2004 3537 6
767 2174 96
154 1196 86
1128 3503 4
1222 3073 13
2210 3257 38
2126 3894 85
1917 3132 46
2547 3779 49
1216 3627 16
971 3042 8
818 3496 54
3480 3997 49
2286 3099 49
1708 3895 32
1364 2638 32
1397 1829 69
2344 3076 60
2500 3963 90
704 2869 22
789 2283 14
1324 3222 44
1748 3079 62
1414 2424 89
1530 1799 26
3008 3751 73
894 1627 26
47 1791 29
3753 3794 84
343 1713 44
1071 1076 2
1869 3435 49
1211 2754 1
823 884 75
521 1466 100
2974 3422 84
117 474 63
1245 2550 63
1477 1671 16
1983 2789 84
2389 3900 8
33 3871 9
2062 2892 20
1478 2293 8
854 1114 24
1438 3557 22
1268 3724 88
1964 2058 9
2305 2540 2
1345 1730 5
563 2312 71
231 2306 71
441 3869 92
906 3323 100
2094 3787 93
1315 1470 59
709 2529 86
457 3239 63
522 2080 37
2246 3724 51
1732 2353 63
667 2425 70
2472 2567 40
352 1571 65
326 1332 58
914 1451 37
206 535 34
48 721 93
3070 3197 77
1408 1587 64
1454 3965 58
951 1557 17
1140 3333 27
3069 3513 34
3145 3855 75
3084 3639 74
2268 3529 29
2045 2542 94
629 952 31
237 529 77
37 2541 5
870 3457 5
1164 3254 33
1007 3130 11
919 1109 76
3449 3746 45
3723 3830 43
340 1208 58
1056 3820 50
2007 2440 94
1009 3573 57
3534 3645 98
169 764 29
947 2509 9
3085 3375 9
274 3414 15
1306 2185 25
1018 2682 17
3004 3685 49
1346 2443 7
1151 1193 4
211 318 3
617 1571 2
868 2649 23
247 1690 55
3208 3634 0
1240 3645 16
596 3127 85
242 615 39
982 2208 2
1442 3971 93
22 3992 96
1177 1482 82
765 2814 51
195 2077 80
3328 3639 78
1006 3603 91
651 2227 51
574 2207 55
944 2556 20
3012 3192 97
280 1121 59
2924 3225 53
809 3370 18
202 623 58
695 2920 96
343 2469 36
19 2785 62
1351 2683 12
317 999 42
529 3921 7
3053 3914 27
1578 2428 94
2203 3960 26
1862 3193 92
1019 1783 60
2971 3467 37
1554 3258 92
2687 3915 99
1117 3567 60
651 2111 69
131 3334 1
1687 2262 93
1718 2389 5
1748 1923 8
1312 3280 35
2931 3100 68
1488 3083 57
33 776 45
2783 2941 20
255 774 14
575 1739 7
2150 2919 83
1187 3390 1
205 1278 62
2257 2539 9
824 2682 11
97 445 20
1087 2480 73
627 1548 2
910 1435 100
2246 3494 95
312 2976 40
1284 1360 75
649 1611 22
2550 2837 75
1501 2599 28
690 3073 83
1222 1781 29
2563 3387 29
1798 2988 82
2855 2868 28
1158 3665 1
1811 3517 34
353 3419 20
85 1623 27
1370 1613 31
2575 3771 72
1316 3451 86
2036 3911 1
690 3310 15
1646 1870 57
493 2213 97
2129 3391 14
2296 3240 29
981 3233 44
661 1965 50
1717 3474 6
2101 2511 73
1375 2588 5
1496 3480 52
1664 1948 70
2583 3078 61
1711 2451 40
870 3773 92
3058 3461 57
3305 3890 31
3179 3424 57
990 2948 35
764 2804 98
981 3133 52
1609 2524 36
1219 1537 24
3454 3471 73
932 1584 54
2302 2420 65
2424 3757 33
3329 3408 14
2726 3395 74
1381 2087 67
1943 2140 75
1798 2224 30
2597 3994 11
681 3867 82
1391 1925 13
1480 3694 68
1711 3918 10
1620 2727 25
1343 1509 20
117 1674 84
613 753 49
1980 2561 95
988 2102 14
862 3182 94
777 3870 52
1189 3167 4
2233 3231 20
1266 1894 48
765 1953 16
207 1017 21
548 664 0
2134 3874 89
35 2833 19
1476 2625 4
1974 3775 63
430 1398 17
473 1640 61
291 590 91
311 1801 28
121 2649 0
1029 3779 7
152 2484 9
2170 3618 66
1022 1308 6
479 2941 97
1372 2363 5
863 1856 14
356 822 27
205 864 70
423 2117 62
1251 3732 60
1860 2292 16
120 2488 42
1250 3939 39
1901 2819 81
40 1716 7
2412 3344 18
678 1590 6
3088 3992 92
908 3687 90
2208 2751 54
205 979 1
2390 3775 35
685 3709 29
2583 3211 15
957 2702 40
297 1080 28
723 2912 66
2057 3602 98
387 1338 0
287 809 63
3266 3737 42
410 1760 50
573 595 70
838 938 15
1610 2287 5
3109 3717 74
1376 3213 44
1623 2015 84
2153 3940 41
302 1850 49
1320 1925 19
300 3834 99
1028 1586 13
3595 3687 39
2522 3218 4
2963 3555 41
1879 2856 81
1171 1193 63
846 3435 41
1764 2072 64
513 1812 88
1360 2051 96
461 3896 10
55 1579 88
3344 3832 80
139 2884 59
209 1319 75
892 1958 2
720 2390 8
321 1416 0
1167 1806 41
830 3507 21
1248 1444 71
499 1834 66
1121 1335 84
2061 3689 45
572 2301 1
2122 3187 55
387 607 99
93 3408 42
286 481 100
1408 2391 47
2159 2689 42
2230 3204 85
2713 3098 21
288 1074 24
1063 3168 19
824 2252 97
444 496 88
357 1055 81
2626 2628 81
88 2775 38
1692 3594 43
574 3734 31
2664 2731 36
3280 3877 12
502 3471 52
631 2607 11
326 3331 13
23 1052 73
468 3927 19
26 3033 61
2442 3714 10
29 754 43
1852 3450 75
219 3124 39
3382 3828 10
1488 2657 100
479 1810 100
378 2942 86
2691 3855 80
736 3057 19
1478 2421 77
573 3015 69
267 3534 69
395 1593 66
3009 3124 68
540 775 30
1823 2471 0
3522 3629 88
1501 2342 49
1465 3134 61
1168 2750 30
1218 2407 20
1313 1870 27
1096 1811 12
2684 2895 89
1204 1265 10
2830 2951 55
557 820 71
2568 3470 63
647 2491 32
1125 2640 95
1555 3223 48
147 720 53
3112 3914 88
1171 3160 15
3138 3552 72
947 996 26
683 1376 86
1921 4000 11
1084 2995 84
599 2310 3
2314 2690 37
1854 3257 18
48 403 56
522 1911 14
499 1413 62
1648 2779 35
506 822 65
1224 3054 66
2888 3592 59
1369 3201 53
2825 3916 65
1097 2084 40
564 1539 32
1112 2781 87
2914 3443 61
1767 3960 0
804 3287 78
411 2460 69
2620 3827 87
1587 3449 19
1433 2395 35
1474 1503 78
155 452 69
79 2752 13
85 1093 20
898 988 46
1312 3712 26
2087 3928 21
1660 3749 77
2718 3416 0
2715 3676 28
2190 3128 24
1317 3268 88
1004 3979 17
2037 2993 99
1160 3168 4
1788 3448 33
1552 3573 84
692 1190 55
994 3088 52
3905 3961 82
608 1470 29
236 3667 5
2413 3088 8
1481 3659 48
72 2147 51
464 3139 75
1187 1240 97
3155 3740 98
3346 3421 12
2020 2397 84
950 1108 49
1971 2638 9
490 2620 12
862 1123 76
2687 3302 39
1552 1720 8
2030 2882 14
1010 1693 32
620 3340 57
1313 2069 73
2294 3646 95
3541 3743 62
13 2690 42
374 1285 31
1066 3005 51
411 3569 48
1369 1938 18
417 1524 22
660 3609 83
1833 3117 11
1399 3137 10
1616 1875 77
900 2877 99
162 647 23
766 2302 2
1135 2124 10
1744 3717 21
1642 2595 95
3279 3309 42
557 1772 51
1149 1244 59
50 2256 3
982 1380 36
95 3461 13
1057 2230 76
39 3098 75
3265 3737 87
96 3344 9
2880 3958 10
268 1775 26
2614 3991 7
957 3033 20
427 3209 3
755 3335 37
978 3898 40
221 2950 88
3378 3526 23
2213 2882 57
1262 3286 79
804 3854 66
2988 3681 24
1173 3722 53
1010 1574 49
1733 2125 61
497 2367 45
1080 2871 6
1757 3656 73
349 1722 45
1036 1769 78
775 1956 96
2298 2540 9
1496 2032 36
1635 2840 74
280 424 96
274 795 4
506 3066 21
344 2564 69
96 312 38
2391 3558 0
949 1565 50
459 3217 29
1302 3596 12
2962 3748 61
646 833 80
1239 2881 53
1955 3321 35
197 954 1
302 1432 42
147 1806 4
2080 3088 22
370 2637 86
387 3007 47
2125 3050 98
944 3311 51
31 2568 74
484 2556 89
263 988 16
1712 3557 25
899 3569 74
530 1073 8
1588 3676 63
175 1339 53
2413 2884 5
3385 3554 43
2483 2671 83
434 1235 61
41 930 53
2810 3051 21
1166 1188 8
2611 3339 75
144 1647 28
714 2959 15
1166 2019 5
27 835 91
2145 2353 5
2018 3400 48
1744 2682 64
404 2272 0
347 1252 35
421 2155 92
2717 3311 19
1274 1328 68
341 2116 93
316 3476 89
485 2978 52
2958 3986 40
1559 3508 37
832 1124 22
889 3655 19
507 3220 66
1355 2295 28
920 3751 20
861 2718 68
1878 1966 80
430 2568 89
1106 1526 85
1707 2478 99
1568 3853 54
1012 2146 61
191 899 2
882 1698 61
485 1540 5
302 3587 6
357 368 39
566 3436 63
1787 3366 51
1485 3779 34
1955 3282 2
2833 3932 98
1226 2491 32
36 845 57
571 2168 93
560 1349 44
1192 1686 20
451 3534 3
526 3563 84
9 3072 76
2182 3154 29
265 3316 78
1031 3808 68
2551 3498 32
1468 2898 82
599 837 98
1386 2891 27
929 1972 66
1172 2643 64
873 3057 70
292 3631 7
1346 3925 9
1287 2629 53
1168 1533 27
842 1251 41
1091 2623 41
1157 3057 56
539 1608 60
1390 2651 4
305 452 42
3352 3730 66
12 3737 68
2176 3112 70
609 688 37
1509 3506 84
2400 3312 74
2772 3970 94
1619 2878 77
387 2318 74
3543 3612 37
316 1516 38
1120 1988 97
300 1723 78
648 1813 57
432 1047 51
739 1981 67
2764 3266 71
2447 3144 25
3659 3769 64
2447 3597 15
2018 2252 71
2467 3815 3
720 2543 57
1349 2938 78
2707 3904 34
1627 2435 81
584 3876 20
1907 3880 83
313 1655 6
1095 1841 33
959 1826 14
622 3191 18
317 1118 25
1829 3687 33
40 2945 74
368 2639 91
2126 3679 77
2280 2709 3
2155 3730 94
265 3354 12
779 2548 9
3248 3911 13
1270 3243 8
1427 3714 4
2791 3259 73
1083 3179 40
1447 2376 46
1602 1749 35
2125 3773 6
1565 2292 44
3156 3189 54
3780 3973 42
1400 3932 95
2439 3050 13
1334 3374 51
871 2978 33
2306 2875 17
1109 2733 23
172 634 35
368 575 33
1264 2264 33
2030 2783 31
402 2507 97
223 2651 52
2366 3574 95
1550 2809 47
644 2524 12
1015 2583 42
2317 3436 59
601 3516 93
178 1744 63
666 1286 74
16 3543 8
1204 2583 22
2127 2872 53
610 940 92
2595 3385 50
379 3584 66
492 3747 56
77 1550 65
1038 1772 38
815 1571 89
617 3773 24
1383 2567 36
2876 3474 36
3577 3745 10
69 344 42
2290 3075 94
81 1837 18
22 3063 98
1581 2065 46
92 1471 63
1588 3922 85
1433 2920 76
2232 2934 93
2424 2734 30
2432 2534 94
41 2673 49
2148 2245 23
151 2146 70
976 3062 48
26 3537 80
2298 3557 83
39 1605 93
1244 2134 0
726 1090 85
1116 1504 59
1795 3325 3
2649 3820 55
1916 2593 76
773 1361 7
2201 3381 81
2773 3868 60
1705 2763 36
2348 2426 58
1117 3142 68
1902 2358 100
945 2703 60
881 3510 41
360 2272 21
3469 3857 50
1028 3053 79
2893 2909 80
1466 3616 80
1220 1478 62
1264 1335 2
1592 3206 70
10 3659 13
2857 3556 49
1273 1423 5
1647 2572 49
2279 2443 65
1712 3687 47
1512 1827 30
334 1094 5
2411 2514 56
325 1966 9
3206 3431 88
17 1529 38
748 3089 49
1763 2821 27
23 114 88
1043 3893 29
145 3382 84
2235 2710 56
1522 2144 89
1596 1604 71
1366 2996 38
864 2964 34
745 3666 26
369 3008 3
1555 3806 56
367 3736 64
2115 2407 35
3335 3413 61
1943 3281 84
432 3846 99
440 3667 29
450 864 39
2904 2966 7
2837 3154 45
35 1782 58
1676 3982 78
2923 3367 22
2727 3038 58
1077 1417 35
981 1565 90
823 2907 30
500 2586 61
859 3569 66
1609 3718 62
1073 3639 72
1180 3457 27
1847 3739 79
854 3223 11
50 3550 100
1281 3695 17
297 2757 79
1290 3896 50
3689 3704 90
702 2257 86
204 233 49
632 1309 86
325 3870 39
2862 3907 90
624 685 55
2127 2853 52
2760 3850 24
1745 3933 56
433 2820 99
186 952 39
1212 2615 82
951 1757 100
1767 1945 59
853 3381 98
1210 2242 80
2138 3148 35
206 1626 78
1077 3310 14
2024 2920 59
1085 2804 34
1252 1341 69
3079 3473 71
2403 3247 68
3 2651 72
849 2674 100
427 2448 85
210 2117 80
55 3756 41
1097 2555 83
2850 3820 37
997 3017 87
849 1055 62
36 3850 36
635 3326 100
90 1968 94
1273 3282 91
994 3960 37
1388 3357 45
1210 3249 99
1619 1695 1
501 3677 6
581 2486 29
2190 3947 75
465 3434 65
487 3649 53
1974 3866 44
2035 2940 76
519 3829 87
132 343 79
949 2862 38
21 3314 87
167 2995 31
3238 3441 14
1429 2038 8
52 467 2
566 2398 5
2092 2820 17
2176 3957 94
2213 3751 15
2272 3071 93
2514 2991 57
2227 3808 20
198 318 23
886 1538 92
2960 3823 40
563 580 46
2749 3195 41
1256 3151 63
3729 3763 43
846 3962 3
876 1908 77
711 3072 34
3068 3936 39
2148 2997 68
260 2464 55
1667 1728 42
1830 3245 91
1169 1262 55
2391 3619 100
219 1931 79
315 1764 70
1887 2668 12
1376 1632 49
737 2939 99
1276 3781 40
9 2937 100
39 1449 95
3238 3283 13
2096 2164 18
579 901 46
1060 2210 6
586 3734 8
1748 1866 48
2680 3401 55
1941 3201 10
364 1038 5
663 3061 44
1865 3013 75
1423 1684 24
885 2489 58
544 2634 34
6 1352 75
460 3216 97
597 2244 80
2254 2863 85
1983 3926 21
165 1075 7
235 1978 56
2194 2819 23
1293 3612 95
882 1009 99
249 1342 46
992 3562 22
389 2639 42
1587 2274 49
919 2138 19
1093 2334 46
1395 1730 53
2882 3732 45
3584 3984 1
2814 3271 21
53 3894 100
1068 3590 59
22 3263 90
2716 3782 81
172 2360 7
608 1075 64
2301 3022 72
541 2286 42
1923 2357 23
615 3030 53
3619 3844 45
91 3005 15
478 2392 33
745 3000 77
1131 1777 0
240 890 39
1814 2815 65
216 3912 23
3701 3781 67
1746 3877 84
86 466 61
1990 3393 57
34 2274 30
267 3879 81
1676 1762 99
63 2481 45
904 3993 85
1225 1744 47
2157 3013 63
1727 2388 69
247 2819 7
2991 3982 39
1413 1793 87
1247 1561 61
3027 3219 11
2966 3049 51
40 1831 12
2932 3400 1
2427 2775 35
975 1780 8
2197 3636 56
2240 2756 30
1770 3803 10
1466 3535 2
23 3400 72
1127 1412 75
2842 3697 20
1103 1549 85
1408 3141 3
2 198 11
1978 3066 13
327 3153 18
1647 2954 86
597 3796 18
1400 2749 86
2351 3701 49
2739 2865 22
3549 3881 12
1829 2872 73
896 1356 94
731 2693 44
1219 2192 58
1085 1307 65
2176 3077 59
1029 2692 8
419 3947 10
921 1651 56
158 3611 31
1619 2624 24
1654 3678 100
704 3088 7
3909 3920 54
1677 2238 53
3515 3911 52
1069 3191 6
553 3929 31
1818 2304 23
1259 3832 82
469 1638 0
252 2474 13
1792 2683 38
277 1859 89
2616 2859 60
1179 1976 57
2647 2960 83
1928 2612 82
344 1967 23
140 1215 19
658 1183 85
1089 2356 98
1419 2201 75
1223 3274 46
2724 3940 49
71 3869 41
912 1365 24
1971 2077 32
1661 2712 45
3047 3540 9
501 2143 95
1411 2213 48
2736 3164 61
875 1310 46
177 1048 57
1467 3975 99
159 3972 52
279 3033 91
1335 2040 99
1487 3109 95
186 3497 79
1657 3713 20
1212 2346 89
2612 3139 35
272 1749 56
2446 3009 46
253 917 21
1513 1754 78
425 773 62
318 764 35
1000 3398 63
638 1014 61
1554 2265 26
2101 3095 94
526 2670 41
362 2772 50
905 2151 57
1106 2295 98
2329 3184 98
909 1091 11
2481 3388 21
185 1877 20
3382 3877 8
395 2601 74
228 1354 55
2843 3289 9
2399 3870 10
2130 3714 51
3529 3715 5
1144 1739 9
700 2536 68
641 1801 93
736 1339 78
558 3160 95
435 3940 76
2829 2896 16
1965 2996 6
1757 2177 85
1937 2386 67
1558 3431 59
1447 3297 6
2 1510 84
1048 2941 52
3469 3886 99
417 2411 42
911 1120 64
1072 1564 42
340 509 33
740 3727 65
1894 3626 0
1587 2980 8
736 3006 84
280 2672 34
962 973 69
1549 3664 54
1960 2941 67
1483 3380 19
962 3901 71
283 1689 74
998 2699 82
2995 3328 98
2228 3711 29
704 1324 26
628 1570 86
1882 3784 31
1454 1817 9
208 2983 16
1679 2154 88
2342 2723 19
3123 3629 76
272 1966 17
917 2557 60
1570 3873 26
886 3198 1
1625 3778 31
1811 2096 31
830 1678 7
173 999 67
90 3185 10
873 2721 20
1118 3243 16
1595 3113 73
1896 3843 48
631 3457 19
2279 2593 42
1599 3047 49
1534 2635 2
25 1187 72
1827 3639 13
1461 2571 94
191 425 32
634 1357 100
1217 1365 60
2066 3763 14
1632 2926 7
2973 3732 36
557 2422 81
419 2167 75
1679 2170 75
1284 2691 99
782 1410 43
418 1361 43
361 3576 99
2457 2909 5
1054 1757 77
565 2176 22
349 3728 46
269 2865 3
1135 3083 91
689 1035 50
1143 3409 97
148 2158 99
879 3136 9
201 3843 15
3560 3627 68
1470 3142 2
255 2813 9
105 1793 38
3423 3908 94
156 865 50
1535 3161 51
3158 3352 40
2132 2418 40
2333 2632 98
2727 3890 57
2291 2308 69
2601 3355 44
1912 2055 3
748 1950 40
3 3902 91
329 3460 61
266 2802 49
147 748 25
164 3740 44
3234 3845 44
181 182 21
542 3788 12
88 3476 43
426 496 49
1709 3166 14
2643 2760 67
1801 2520 78
1853 2733 42
2262 3780 41
2469 3698 85
1584 3103 88
1824 2370 65
721 2277 20
1205 3012 66
625 1287 9
242 1270 99
2340 3289 56
1185 1591 39
2997 3749 23
1335 1845 26
266 3796 1
2558 3082 78
327 3809 80
210 1897 74
1731 2061 20
1426 3930 17
1988 2664 53
579 3196 0
137 3833 82
259 3694 50
1223 2191 84
1481 3413 65
608 1920 12
1053 2128 83
728 2757 97
566 662 45
3000 3396 59
1601 1895 8
1415 2892 98
1126 2347 63
339 753 11
1343 3674 21
1364 1417 61
3087 3498 64
782 1226 74
445 3143 62
2342 3865 30
115 3490 33
1849 3832 0
2462 3565 40
1063 2145 11
831 2429 26
290 2652 67
2513 2780 53
757 2780 87
2509 3961 3
981 2471 69
565 3677 67
1535 2949 64
2298 3692 74
298 3485 51
119 833 62
1494 2328 30
776 3546 80
3530 3537 55
352 431 51
566 884 25
164 1061 29
1161 2457 24
1460 3332 33
1743 3912 84
379 923 19
1979 3558 27
1205 3027 73
891 2543 86
2835 3055 41
525 3579 82
2096 3811 59
3547 3936 6
2677 3187 26
1489 2519 40
1482 2923 0
1372 2915 30
1640 3343 97
134 2309 85
418 3278 88
439 3694 69
198 380 94
389 1167 80
94 1007 60
3328 3372 37
2361 3966 26
1598 2024 15
313 1684 37
901 1442 20
621 1976 94
134 1153 76
1192 3658 9
2463 3927 26
522 1311 19
1179 3251 31
23 2046 43
898 3174 100
2633 2903 33
3470 3480 29
827 1398 54
311 2101 69
846 1772 13
1548 1874 44
1937 2359 34
1890 2279 6
1233 3199 92
2114 3435 82
1234 3101 94
1060 1994 53
1941 3492 34
986 1234 36
338 1341 25
1255 1379 29
2099 2489 62
2830 3126 27
2510 3466 48
331 1021 79
2844 3329 9
1278 3892 99
38 2890 76
1751 3229 22
674 1905 54
3325 3660 74
1595 2359 93
2963 3190 41
3258 3565 93
2342 3109 30
1847 2739 3
1556 3707 1
2477 3629 31
2937 3675 70
2547 3429 17
1327 3065 22
1231 2933 46
899 2454 8
403 603 55
1658 2044 33
1572 1627 57
75 3826 31
3365 3426 73
1168 3867 60
590 1972 17
2762 3406 31
1458 2136 47
90 1145 39
1352 1997 67
689 1267 83
3796 3942 13
252 698 12
1513 2335 78
843 976 98
1395 2303 20
1491 3434 6
1330 1382 19
1751 3760 0
2038 3519 60
487 1945 7
1646 2014 100
2141 2484 2
764 1210 33
1794 3121 45
1030 1665 2
429 1650 48
224 3795 82
86 938 8
2500 2603 87
418 3471 81
1429 2298 5
2531 3242 56
1004 1774 57
935 2566 63
573 2769 8
2929 3206 91
3406 3409 2
1996 3415 18
976 3565 96
3089 3359 74
1071 2757 78
2772 3214 35
2217 3190 64
328 1789 37
571 860 90
565 2001 90
1703 2491 27
2402 3353 93
2533 2662 15
500 2023 99
276 3710 81
1347 3516 79
2762 3405 1
1424 3613 93
1285 2149 98
1610 2640 12
2864 3230 72
112 2989 11
197 3047 94
1773 2684 27
907 3144 61
274 2437 5
495 3825 95
1509 2159 21
510 1032 79
369 2140 93
1630 2632 11
732 2765 5
2041 2991 73
1021 2399 69
826 2028 92
2403 3022 7
638 3674 3
3125 3526 79
734 2130 94
2179 3298 8
899 2199 86
1325 3223 5
22 592 42
3512 3703 13
1831 2368 28
559 1048 13
1741 2181 96
119 2059 5
263 2603 58
664 1902 50
1470 3154 41
916 2174 58
263 2585 25
601 3029 37
381 2827 62
486 2026 12
2895 3958 60
928 3200 95
3122 3508 1
1808 2512 88
2158 2714 98
2624 3184 29
1608 2838 38
18 3198 46
788 1697 6
3280 3693 48
1040 2396 69
3269 3694 1
880 1978 72
1397 1648 83
2738 3261 10
1997 2696 88
2586 3219 47
2532 3048 66
1653 2648 73
584 3937 26
2846 3867 68
822 1053 56
16 765 6
678 1638 62
1836 2615 50
969 3347 84
721 1156 96
1471 1952 85
1492 1732 13
945 2690 44
2485 3068 53
332 1676 69
1123 2925 62
682 934 89
936 1889 2
2507 3921 87
440 2160 67
1682 3513 69
92 3783 90
2402 2747 94
1057 3287 48
880 1474 66
3465 3497 28
758 3174 97
566 946 70
2117 2415 33
3 1169 18
736 1635 8
2403 3402 3
1510 3526 18
1588 3143 47
514 2263 53
1153 1267 38
736 2989 59
1566 2823 41
89 2559 26
1738 1950 65
517 1541 82
1893 3972 24
1495 3983 60
1363 1736 92
972 1171 76
2273 3543 97
1715 2662 86
274 1958 42
1556 2258 87
2166 2966 98
1149 1776 14
505 821 4
702 2007 10
2106 2882 9
392 2563 41
170 3253 48
193 3436 65
2285 3921 98
