120 5 600 600
98
35
37
112
58
35 98 17
98 37 13
37 112 8
112 58 9
58 69 0
69 11 18
11 51 12
51 44 13
44 114 16
114 57 0
57 13 3
13 27 0
27 19 5
19 5 18
5 88 2
88 83 12
83 54 8
54 48 3
48 14 2
14 84 19
84 45 16
45 52 16
52 64 15
64 4 6
4 42 17
42 20 18
20 102 13
102 86 15
86 96 10
96 9 12
9 62 4
62 29 15
29 78 5
78 117 2
117 70 5
70 24 3
24 28 3
28 21 13
21 77 17
77 110 14
110 82 8
82 65 19
65 61 15
61 15 4
15 36 12
36 26 17
26 76 9
76 81 7
81 106 9
106 101 19
101 105 19
105 55 18
55 49 19
49 16 4
16 95 12
95 33 2
33 94 8
94 31 2
31 68 5
68 115 4
115 66 19
66 39 7
39 40 15
40 103 1
103 56 17
56 18 16
18 113 11
113 8 10
8 25 16
25 1 6
1 17 10
17 34 5
34 90 10
90 32 16
32 80 19
80 79 7
79 53 13
53 7 16
7 10 0
10 108 3
108 111 12
111 12 10
12 50 0
50 41 13
41 119 13
119 91 15
91 85 10
85 100 10
100 23 9
23 6 11
6 43 14
43 30 1
30 104 7
104 38 14
38 72 15
72 59 20
59 118 4
118 60 6
60 120 0
120 67 11
67 93 2
93 2 0
2 3 2
3 71 0
71 47 3
47 92 11
92 74 15
74 116 4
116 22 7
22 87 13
87 73 2
73 109 12
109 97 18
97 99 16
99 89 13
89 75 19
75 63 15
63 107 12
107 46 6
63 81 3
24 43 18
62 118 2
64 67 17
28 68 12
6 30 19
11 45 10
14 95 14
22 65 3
31 76 8
67 116 11
71 110 12
71 97 3
15 33 0
10 71 12
93 111 18
6 46 5
57 100 12
42 55 20
100 103 2
1 2 20
74 79 8
34 115 16
46 47 4
12 48 3
77 104 8
13 89 7
68 85 17
92 108 10
29 32 4
72 88 18
50 102 20
30 89 13
35 49 3
63 85 10
25 92 0
9 102 8
5 23 2
46 50 11
1 64 4
79 113 6
35 45 10
28 107 12
98 105 14
54 64 18
10 92 19
9 22 19
6 81 13
75 95 2
2 8 16
41 46 11
12 19 16
106 109 1
24 114 19
44 54 9
9 27 19
18 116 5
12 119 4
16 91 19
68 106 3
73 112 3
82 105 14
47 84 10
17 44 19
46 69 17
43 108 1
9 30 7
8 86 6
50 106 3
24 102 9
71 89 13
96 104 14
11 23 14
1 37 18
14 85 16
44 71 15
6 10 6
11 99 13
1 27 6
62 97 0
7 96 0
82 90 20
47 82 16
8 64 5
30 102 9
61 108 1
74 99 15
25 114 0
39 83 2
74 81 13
65 116 8
65 101 5
42 56 4
32 114 9
13 43 16
2 85 20
63 97 0
24 101 20
34 88 17
25 26 13
85 99 18
15 109 9
30 101 5
30 52 0
10 18 7
88 109 9
32 117 0
6 48 7
49 71 19
92 93 3
11 119 2
35 85 19
56 69 16
61 66 4
3 47 15
34 56 5
9 67 13
61 78 4
85 101 8
62 93 10
27 97 2
45 82 8
38 71 20
24 94 18
23 111 2
5 70 12
7 29 0
42 93 0
55 70 19
13 56 12
11 104 2
30 36 15
23 117 6
18 72 8
11 80 16
18 47 15
89 91 8
46 102 5
1 30 4
8 18 11
39 92 16
17 20 8
43 106 12
53 76 11
19 70 3
38 94 3
47 86 13
26 38 17
1 81 1
32 56 8
45 120 18
45 89 20
26 112 19
19 36 20
25 90 19
104 118 11
57 63 2
48 65 20
13 29 16
1 82 9
76 111 6
54 65 15
7 34 10
81 101 15
87 107 0
55 93 9
13 42 19
1 5 9
6 74 9
32 68 15
87 92 14
26 103 15
4 80 15
60 64 9
71 112 10
36 98 0
37 113 3
74 92 13
11 103 17
52 112 6
14 52 18
19 52 0
53 118 15
22 24 15
23 67 14
31 103 13
21 37 19
12 34 19
19 120 8
69 101 19
18 101 0
39 105 16
12 102 8
44 104 9
96 113 9
36 83 11
2 99 14
2 12 4
62 112 3
14 73 12
15 23 1
89 93 12
83 108 5
56 60 19
63 73 10
23 100 3
99 115 16
57 75 7
11 93 7
33 112 13
22 71 11
5 64 6
81 99 16
47 62 17
46 76 6
47 64 8
71 79 13
18 87 8
69 72 2
23 116 17
38 48 19
23 72 11
12 112 6
7 68 2
29 108 18
5 76 10
88 99 14
12 115 18
4 64 4
18 110 6
75 92 4
9 52 6
9 86 4
73 75 1
43 107 19
5 32 17
81 120 12
27 105 20
27 109 0
8 85 5
53 58 1
65 100 14
13 84 3
39 50 7
19 48 20
25 63 9
7 97 6
10 22 13
79 93 4
1 59 18
31 106 12
104 109 13
6 12 3
47 73 10
37 83 6
10 45 10
8 10 5
15 55 20
6 80 4
1 75 13
21 72 8
16 99 9
71 85 7
90 117 17
62 113 19
57 71 1
90 107 3
6 77 20
61 93 13
49 93 2
49 97 9
74 112 3
34 72 20
75 108 19
32 73 10
1 15 14
104 115 13
83 91 13
44 69 19
5 57 13
41 70 5
16 54 5
65 75 14
59 76 19
9 68 13
79 95 1
21 105 14
26 110 19
1 101 12
55 104 3
79 101 0
22 47 11
57 64 7
2 5 10
3 120 3
57 93 17
85 120 3
57 86 12
61 62 18
66 118 17
103 110 16
53 62 2
70 98 12
37 70 6
31 110 15
10 37 9
41 47 4
107 109 5
80 82 5
41 109 14
22 29 15
21 49 3
79 100 4
66 77 2
33 109 15
101 118 6
98 117 11
19 74 8
57 107 11
4 25 16
13 31 6
59 85 9
80 95 10
19 84 2
8 72 4
67 96 0
42 109 2
75 101 18
25 66 20
32 112 12
74 98 19
6 64 3
30 48 19
76 103 8
38 73 6
99 112 13
76 96 20
26 41 4
80 89 11
41 51 17
14 32 9
48 78 11
66 87 5
57 72 12
2 105 20
87 95 9
102 103 8
49 79 10
53 57 9
22 73 14
39 102 6
13 47 0
49 94 20
19 50 0
34 91 5
58 65 18
32 95 12
42 53 9
6 83 4
7 22 10
37 42 2
8 32 2
18 112 16
11 120 10
20 65 12
74 106 1
32 109 1
19 57 20
3 25 4
17 103 13
30 91 17
38 76 2
53 107 18
90 93 12
10 111 5
26 109 13
32 103 0
13 103 7
31 88 20
72 113 5
30 116 12
60 75 0
36 54 5
73 86 9
37 120 9
84 101 20
60 110 16
72 82 13
16 92 15
12 93 7
5 28 8
63 87 20
66 102 19
47 120 1
51 90 13
13 53 1
4 12 7
62 91 1
89 108 20
36 45 18
50 56 4
64 120 10
41 42 7
19 69 17
93 105 4
43 70 15
83 113 17
77 79 14
22 91 3
31 38 11
70 71 12
90 111 2
33 75 17
22 99 4
5 113 2
36 64 1
112 117 10
47 49 0
17 52 1
5 35 13
60 96 5
33 76 4
55 64 5
115 117 20
33 86 3
48 86 11
18 120 8
82 100 19
9 33 8
92 103 11
70 93 18
85 117 2
51 57 1
4 34 11
42 78 10
1 110 19
3 99 3
28 61 11
44 61 9
113 119 3
28 79 13
69 109 13
9 96 18
16 71 4
47 101 7
30 88 15
24 116 1
91 111 11
1 8 15
41 78 6
57 116 3
55 106 2
32 87 19
3 87 7
28 29 12
17 21 9
77 96 20
34 87 5
39 41 16
58 76 20
75 116 10
14 57 11
30 85 5
29 59 17
30 96 15
43 81 3
52 71 2
33 50 2
35 40 1
52 85 8
34 43 6
67 88 1
23 47 9
47 66 7
33 56 7
11 77 10
23 52 9
28 82 0
89 109 12
31 115 4
29 58 12
