140 5 1000 1000
134
137
140
19
26
19 137 12
137 26 30
26 140 24
140 134 13
134 69 32
69 89 5
89 93 2
93 56 33
56 101 7
101 118 25
118 44 32
44 73 0
73 135 24
135 49 28
49 60 17
60 103 40
103 132 17
132 82 26
82 48 31
48 24 21
24 37 19
37 47 13
47 68 18
68 111 13
111 121 6
121 8 35
8 67 33
67 90 15
90 29 23
29 78 13
78 79 20
79 106 29
106 104 1
104 42 40
42 4 9
4 120 17
120 95 1
95 110 6
110 88 13
88 63 36
63 105 36
105 51 21
51 34 13
34 94 7
94 43 37
43 98 29
98 97 10
97 15 10
15 99 3
99 38 24
38 122 17
122 12 21
12 40 36
40 114 20
114 81 15
81 54 16
54 125 3
125 33 18
33 50 5
50 11 22
11 57 10
57 108 13
108 127 39
127 130 20
130 25 27
25 46 36
46 109 34
109 52 32
52 28 11
28 61 29
61 20 7
20 138 6
138 55 34
55 2 40
2 77 16
77 115 17
115 124 35
124 21 30
21 128 16
128 22 4
22 16 36
16 36 15
36 107 5
107 32 13
32 87 34
87 9 0
9 117 12
117 14 25
14 100 17
100 92 20
92 41 16
41 80 17
80 75 40
75 74 20
74 139 5
139 62 34
62 59 20
59 126 37
126 113 34
113 83 26
83 71 14
71 66 2
66 10 7
10 13 38
13 70 19
70 131 33
131 85 4
85 64 30
64 58 8
58 72 31
72 27 29
27 129 31
129 86 32
86 96 4
96 17 28
17 5 33
5 35 29
35 91 31
91 116 32
116 65 26
65 7 17
7 23 12
23 76 26
76 123 32
123 18 8
18 53 3
53 30 35
30 31 21
31 3 11
3 6 33
6 1 7
1 133 36
133 112 36
112 119 40
119 84 20
84 102 21
102 45 12
45 39 26
39 136 1
50 109 15
44 74 39
68 77 23
41 90 20
109 140 25
6 38 39
10 46 40
3 39 30
63 68 9
39 65 37
44 132 11
58 97 4
24 80 36
99 105 30
60 98 32
12 16 0
65 112 12
6 112 7
1 16 36
55 56 14
19 76 16
30 33 10
3 83 24
22 82 8
50 136 18
1 4 30
45 100 38
1 99 6
61 120 25
6 118 8
90 111 34
60 95 34
13 105 12
30 105 20
51 65 37
10 27 28
78 102 33
59 87 7
33 41 30
96 104 21
76 97 19
21 94 6
87 137 32
44 97 5
90 93 20
40 92 2
5 92 34
5 131 40
76 119 0
8 116 9
92 107 5
44 135 31
72 110 29
66 76 20
126 138 27
74 97 37
26 86 33
77 87 35
13 139 14
84 118 21
29 136 18
21 27 33
64 96 35
79 135 16
17 107 36
7 76 9
13 56 9
10 132 31
3 117 38
35 127 24
67 84 39
61 94 2
73 75 19
108 128 20
81 115 7
70 75 12
77 98 34
33 93 22
4 115 21
12 72 10
101 130 18
85 109 29
92 120 35
17 74 24
45 63 21
17 45 18
47 127 30
102 140 0
102 110 21
5 39 35
32 77 25
20 62 27
78 134 3
55 118 27
38 75 14
12 70 1
60 81 25
26 36 20
68 105 40
71 128 17
81 87 27
111 131 21
57 129 21
21 33 37
25 68 37
26 102 9
10 57 8
49 106 30
130 135 24
9 132 38
48 70 37
77 131 30
26 85 7
102 116 9
54 129 0
19 89 32
30 84 9
15 103 40
12 140 40
111 129 38
29 134 40
115 118 20
88 110 25
126 133 5
87 111 9
91 110 28
30 108 29
21 86 24
20 83 38
48 74 16
57 61 6
32 35 11
96 110 15
3 21 13
1 30 15
59 97 35
30 81 31
18 108 25
14 107 9
19 64 20
9 80 40
11 24 30
134 136 2
23 112 20
8 131 6
38 98 14
42 85 5
7 111 2
34 57 39
54 108 36
94 124 3
28 86 18
33 39 16
27 82 21
76 128 40
15 32 3
60 131 5
24 105 30
87 130 2
34 112 35
58 111 34
71 105 33
18 43 33
81 104 21
27 122 5
14 53 27
35 62 21
62 68 11
117 124 25
25 97 33
11 77 20
53 98 7
28 101 39
84 131 35
43 51 26
94 117 27
58 65 9
64 117 35
6 116 29
8 9 21
78 84 37
45 55 14
60 132 26
53 61 32
3 10 26
72 88 11
24 66 31
4 124 18
3 18 5
45 113 12
37 45 28
3 95 14
43 60 15
73 137 12
4 127 31
16 51 21
67 129 10
57 71 31
3 73 24
58 110 29
3 136 1
18 136 28
45 71 4
52 124 26
19 70 33
34 85 24
10 43 32
5 95 27
65 97 39
4 116 2
92 111 2
52 129 35
32 48 34
28 67 20
56 63 29
9 107 11
20 87 29
96 107 23
19 33 40
4 34 18
8 45 22
78 87 18
90 91 19
34 59 39
19 62 24
41 58 22
71 120 3
66 94 18
21 117 6
80 107 31
37 103 37
90 122 4
3 38 9
15 57 12
37 44 40
77 122 12
4 132 10
4 31 35
18 100 9
82 107 12
98 107 27
30 34 11
10 50 15
23 93 22
26 98 36
39 81 25
75 121 29
136 140 15
48 73 12
14 51 29
21 91 27
134 140 1
58 87 0
40 80 31
80 127 26
7 54 23
8 128 19
52 61 24
17 103 22
88 116 14
73 119 37
33 118 12
29 106 9
36 43 38
17 137 9
46 139 31
3 72 31
32 57 2
67 121 2
109 113 7
129 135 33
17 44 26
29 75 17
128 140 10
18 28 40
80 131 5
75 82 27
49 65 6
87 91 11
37 133 23
48 135 10
58 66 11
22 104 35
14 38 40
62 140 18
70 83 5
50 96 10
105 121 8
76 125 3
11 88 23
124 132 36
66 132 19
60 93 6
103 121 13
62 82 33
29 42 20
116 119 31
55 113 17
93 131 18
21 120 35
106 127 18
12 109 16
77 135 22
80 99 22
28 90 2
106 131 30
31 56 30
71 123 0
115 132 17
33 139 12
82 116 8
19 85 40
20 104 9
37 127 20
15 19 4
16 48 37
33 88 7
111 120 25
13 42 27
119 131 21
20 115 15
22 132 33
24 44 26
51 111 17
104 125 36
1 84 27
89 139 27
62 83 22
21 90 20
85 119 9
58 93 28
13 19 37
80 98 7
57 88 23
37 100 18
8 92 14
38 55 9
50 60 21
54 133 28
129 133 35
2 73 5
118 140 27
42 129 25
29 113 18
22 126 5
8 102 12
61 71 36
55 63 29
45 115 30
14 55 30
75 129 38
3 68 0
116 139 19
67 73 11
92 139 24
19 106 19
23 92 0
16 58 13
22 56 30
73 76 24
73 104 17
19 90 19
18 48 24
60 102 33
80 102 12
23 106 20
2 133 19
117 132 8
82 109 17
11 61 26
19 127 38
42 105 2
118 124 34
33 51 40
11 121 2
6 35 38
31 82 9
57 123 33
73 125 33
8 59 40
25 79 15
106 112 38
87 127 22
45 129 7
66 95 30
37 118 5
82 106 34
91 140 15
64 79 12
45 123 0
4 9 10
43 108 8
78 110 8
79 102 40
8 37 31
29 73 18
43 127 40
2 7 11
15 108 0
69 107 20
88 129 15
2 56 10
1 86 35
36 137 8
3 69 31
57 78 5
12 122 28
48 49 20
107 110 29
34 74 29
22 48 8
19 21 12
27 39 33
33 74 23
44 112 15
117 134 16
54 112 6
1 100 31
9 18 8
10 92 8
32 65 24
34 68 20
41 76 2
24 110 18
102 108 6
17 52 31
2 66 27
11 102 27
3 116 33
67 104 12
26 132 27
8 96 31
14 68 16
23 80 34
52 130 1
87 88 25
111 128 5
65 106 17
25 77 5
104 112 32
63 89 40
28 74 7
78 99 9
7 84 34
104 124 27
119 123 5
62 131 32
34 69 15
94 105 2
9 71 0
54 119 28
31 63 34
31 54 13
95 126 36
137 138 27
67 97 32
24 63 26
17 88 23
7 133 0
47 50 26
67 106 10
29 79 23
84 99 24
42 123 22
99 118 28
24 136 28
20 112 18
34 120 17
8 133 12
68 110 9
110 115 10
10 85 3
13 40 17
109 110 0
70 99 32
43 124 18
59 119 24
69 79 15
63 88 7
2 24 36
65 80 14
25 66 17
39 131 40
5 137 16
42 119 6
19 69 11
55 71 16
84 97 21
70 82 33
47 71 1
94 118 18
59 92 26
35 134 40
33 120 29
10 81 40
77 100 17
69 72 33
20 88 21
12 28 24
88 101 20
37 123 34
57 85 8
61 63 26
60 70 11
21 102 16
98 106 16
30 104 30
110 129 9
20 68 34
44 124 1
105 107 2
63 65 17
64 97 22
50 129 29
93 96 21
114 119 32
13 24 12
37 125 22
53 137 15
58 95 13
105 126 30
85 134 39
62 104 34
77 116 2
36 84 31
72 95 27
39 110 28
114 134 1
3 107 23
1 68 39
10 72 34
111 125 26
110 127 10
72 101 7
4 72 18
82 114 21
59 117 40
21 87 8
67 74 37
137 140 15
66 106 8
108 109 28
42 53 39
95 123 39
57 65 21
86 104 18
77 121 3
95 130 33
75 83 28
38 123 13
29 94 33
78 112 2
6 67 29
72 92 10
13 73 35
75 94 21
116 117 7
11 38 15
6 42 33
128 130 30
45 102 1
47 133 9
3 57 34
44 113 18
39 114 18
4 98 23
69 95 10
22 129 4
9 94 7
51 130 35
10 135 30
67 140 8
63 108 20
2 69 24
9 72 16
5 54 12
41 74 38
2 75 24
116 127 39
52 93 37
64 112 2
14 122 23
87 107 14
12 29 13
90 136 18
45 97 26
115 135 22
80 105 37
19 71 26
9 59 25
32 82 19
21 75 34
21 103 10
90 120 17
93 105 9
56 120 14
70 81 30
31 50 18
66 139 21
33 56 6
9 66 23
37 135 15
24 87 16
64 95 21
97 121 32
46 92 33
77 134 10
49 82 25
12 130 0
84 128 30
61 73 11
7 98 1
1 138 18
96 105 12
95 121 19
33 94 20
36 96 11
4 134 0
39 135 7
20 132 36
27 46 7
7 32 12
119 120 17
85 121 26
8 18 6
66 104 23
32 47 17
95 131 9
61 99 4
40 74 7
14 39 15
105 139 12
60 100 38
8 35 34
36 58 28
108 123 14
42 122 19
68 136 40
90 130 38
109 124 4
11 64 15
16 64 15
35 66 27
34 48 11
13 125 20
113 131 21
43 88 2
20 111 35
14 85 38
23 41 20
46 71 8
37 46 34
11 49 0
17 73 9
31 42 36
2 37 19
20 23 18
11 68 36
54 66 8
16 65 24
112 120 7
4 17 37
74 83 8
38 68 15
62 112 33
110 138 7
120 133 4
14 42 23
52 116 25
2 5 12
60 62 26
68 88 21
56 97 39
65 121 40
118 130 16
36 54 31
1 114 35
41 109 5
85 115 32
47 114 7
6 54 3
23 69 12
15 50 5
63 81 27
84 101 19
73 86 3
38 45 22
25 37 11
93 109 18
88 117 30
102 115 25
96 130 25
76 95 15
61 95 22
90 103 1
99 117 17
68 135 12
33 127 29
10 99 20
39 98 33
15 65 21
53 89 5
65 136 10
1 26 7
18 97 16
17 115 28
23 79 40
101 134 38
57 133 1
86 138 28
57 125 36
64 134 12
113 133 26
24 125 27
54 80 28
28 108 33
20 42 31
7 83 34
35 68 22
6 19 13
33 47 15
25 73 39
60 125 39
91 124 10
56 127 40
74 104 17
31 135 17
36 45 15
32 40 36
23 91 33
14 83 11
24 77 4
67 107 10
37 84 2
79 120 8
81 89 34
47 129 5
60 78 37
13 132 4
9 87 16
28 134 5
26 49 13
45 66 20
13 71 33
5 90 4
100 136 2
48 140 8
29 50 28
101 131 25
100 124 26
38 115 23
49 120 9
37 79 39
12 69 7
22 31 5
101 126 21
19 38 18
137 139 6
48 53 16
79 110 13
17 80 2
82 137 10
46 97 7
57 99 31
5 34 2
46 98 25
120 127 24
75 136 13
22 27 29
67 111 24
45 61 6
31 62 32
30 93 2
62 95 23
65 69 31
89 102 8
37 110 6
75 137 18
54 104 12
105 137 7
27 106 13
24 89 20
71 125 8
74 75 18
24 67 31
42 106 33
9 14 25
74 94 26
11 89 16
83 111 28
99 134 30
47 105 19
15 98 15
59 69 29
27 92 35
123 136 19
84 123 13
40 51 17
23 136 40
20 125 36
32 63 6
26 124 30
85 91 31
11 41 17
24 25 12
42 74 8
17 140 18
59 100 5
27 108 30
36 103 0
39 89 32
13 117 23
38 113 34
48 94 27
56 115 6
47 130 20
64 125 10
86 125 6
67 93 18
58 101 21
1 92 3
51 137 2
8 82 38
36 101 2
54 127 16
16 17 15
21 131 32
1 29 11
35 58 11
4 118 36
48 97 23
52 90 27
76 140 15
9 36 31
72 97 16
13 79 38
17 96 4
96 133 34
63 80 11
8 21 4
46 61 11
14 28 12
55 57 8
20 75 10
94 108 37
119 135 25
38 119 1
37 62 14
62 105 32
132 139 33
19 111 12
8 90 39
5 47 6
13 100 26
83 98 35
31 71 17
104 116 8
16 116 40
1 24 15
69 111 31
114 128 30
