160 6 1200 1400
96
71
53
86
56
62
96 86 11
86 62 30
62 71 6
71 53 41
53 56 27
56 148 46
148 91 6
91 116 19
116 150 32
150 9 14
9 68 34
68 155 14
155 106 47
106 107 19
107 44 29
44 156 47
156 147 46
147 7 43
7 85 1
85 65 32
65 47 9
47 149 22
149 153 31
153 137 33
137 152 2
152 64 42
64 151 50
151 41 45
41 6 32
6 117 49
117 159 27
159 97 11
97 50 50
50 128 7
128 87 22
87 39 18
39 54 31
54 36 27
36 42 50
42 15 10
15 46 44
46 90 12
90 118 3
118 59 15
59 104 35
104 136 39
136 25 28
25 125 10
125 139 44
139 103 25
103 12 9
12 122 14
122 83 23
83 123 25
123 8 2
8 26 5
26 17 40
17 11 41
11 24 47
24 69 20
69 70 48
70 120 36
120 130 41
130 28 19
28 51 46
51 43 11
43 82 42
82 76 12
76 138 26
138 18 41
18 61 25
61 5 7
5 10 28
10 72 30
72 49 37
49 89 48
89 84 7
84 129 43
129 158 32
158 30 23
30 16 17
16 141 44
141 142 33
142 98 5
98 80 35
80 74 19
74 22 37
22 63 18
63 27 16
27 131 42
131 143 34
143 38 1
38 146 33
146 2 3
2 4 33
4 109 9
109 132 41
132 119 38
119 112 45
112 101 3
101 3 34
3 66 30
66 145 16
145 133 14
133 67 39
67 79 26
79 127 26
127 92 5
92 121 31
121 115 50
115 94 15
94 81 20
81 93 23
93 154 0
154 100 23
100 113 17
113 108 10
108 23 30
23 60 11
60 78 7
78 34 6
34 37 23
37 57 11
57 144 16
144 126 30
126 75 24
75 124 18
124 52 32
52 31 8
31 55 30
55 20 44
20 95 19
95 135 21
135 19 17
19 48 9
48 13 11
13 160 41
160 73 28
73 1 6
1 77 25
77 45 11
45 32 49
32 21 47
21 134 31
134 99 5
99 33 42
33 111 26
111 35 36
35 40 40
40 29 40
29 157 42
157 88 30
88 140 48
140 105 27
105 102 8
102 14 32
14 58 2
58 110 24
110 114 12
31 60 9
7 55 8
102 133 35
105 150 31
111 134 33
43 149 10
38 44 30
23 110 31
91 137 32
61 105 7
43 89 28
122 128 0
64 157 6
82 139 32
18 65 49
53 133 24
47 138 27
97 121 20
1 84 30
27 140 36
69 112 28
60 62 41
91 159 44
60 133 34
26 138 12
69 154 47
121 144 35
33 84 16
21 59 14
45 145 34
17 51 27
23 138 38
53 152 24
90 133 8
8 116 11
82 141 5
36 37 8
83 88 28
79 126 24
23 87 49
13 71 18
1 41 38
6 152 7
66 106 37
14 29 11
48 145 28
129 132 31
18 146 45
4 5 46
15 78 13
50 57 3
98 150 20
21 81 50
46 84 44
61 119 7
77 146 27
30 89 24
60 146 47
21 53 0
31 154 12
27 160 7
35 82 20
35 83 36
121 152 14
77 122 20
32 59 13
15 138 43
128 142 26
101 155 10
107 122 11
38 84 5
62 65 15
29 102 47
38 42 20
11 61 28
31 152 35
11 98 9
95 122 37
62 123 30
47 81 26
93 127 17
53 128 26
2 110 23
76 106 40
13 106 24
74 93 19
109 159 45
30 122 16
41 46 30
93 117 17
108 137 18
13 55 18
67 140 1
62 103 16
40 153 34
120 140 24
37 118 14
17 115 4
5 72 22
63 107 21
39 97 40
86 135 28
94 149 36
115 155 50
20 116 47
36 105 41
41 123 23
69 81 22
49 76 24
112 116 38
16 39 8
125 140 39
82 88 1
104 121 8
72 80 38
29 37 29
49 122 9
93 103 13
81 133 25
77 145 9
112 136 30
25 98 7
17 77 0
76 91 30
97 122 10
135 158 30
9 73 20
23 79 4
128 131 1
48 143 16
20 118 35
43 121 28
111 122 42
1 150 49
52 123 5
30 153 37
65 158 12
51 136 43
21 111 6
80 160 28
38 121 1
5 158 35
97 141 33
45 104 3
42 151 11
94 159 34
22 85 46
64 134 12
12 124 39
82 155 30
68 142 45
24 67 30
84 102 35
81 126 35
48 135 13
116 151 35
51 122 14
2 98 21
6 155 0
127 129 17
59 91 29
12 83 21
50 108 42
118 127 1
71 145 4
134 141 2
1 160 27
25 145 24
104 159 50
27 153 7
74 106 43
30 82 42
44 153 37
67 77 26
4 54 7
32 132 14
39 89 3
59 150 20
73 139 2
12 120 36
47 67 10
10 99 42
65 159 1
27 46 5
55 95 49
26 32 50
50 141 5
102 132 37
25 110 36
39 43 4
21 67 18
102 117 21
23 86 43
37 101 23
1 43 13
8 30 31
57 85 38
35 93 14
38 141 33
148 157 19
88 105 28
25 29 9
1 157 28
77 112 6
72 105 5
70 112 3
97 150 7
41 105 31
33 39 42
36 149 8
60 63 21
28 42 12
22 33 11
80 126 49
4 96 38
87 101 27
68 106 0
42 57 13
43 151 17
25 39 30
119 154 32
72 146 38
29 33 41
10 28 4
75 92 35
47 80 12
76 110 31
46 127 27
142 160 29
108 133 5
120 121 4
12 62 3
60 143 7
53 112 35
12 52 34
75 141 1
106 140 28
148 158 37
25 159 44
113 134 14
51 98 21
37 70 33
87 116 26
105 131 8
43 73 27
96 112 33
16 154 15
57 71 40
89 96 38
84 118 15
157 160 28
52 63 20
53 122 3
50 157 49
90 139 22
108 149 4
55 61 46
97 157 39
73 152 19
29 84 50
50 138 22
20 64 23
84 153 11
8 81 2
99 136 8
3 119 6
50 111 50
93 142 19
26 33 31
5 149 40
54 138 8
82 144 10
92 94 27
18 60 13
69 134 3
23 112 26
75 128 26
108 112 45
51 106 28
99 146 32
61 147 24
111 126 10
97 108 45
91 158 36
39 114 45
131 157 45
17 126 31
102 156 42
61 73 39
20 102 11
64 108 42
63 100 14
44 68 8
100 159 26
115 160 37
33 159 29
107 109 27
32 109 37
17 50 5
60 126 42
145 153 28
48 61 26
24 156 7
93 116 47
74 88 11
15 126 25
55 108 49
118 147 50
118 153 17
29 127 22
116 131 42
142 148 31
17 55 28
2 137 9
67 111 9
39 88 18
92 111 35
13 142 5
100 157 19
3 106 10
5 13 32
17 83 1
95 116 27
56 84 48
3 12 9
28 53 42
89 125 38
12 104 29
22 103 32
122 160 36
9 109 43
87 92 28
129 150 43
32 121 38
34 98 5
18 70 40
59 111 48
34 82 41
80 139 6
30 45 11
116 148 44
119 150 19
82 133 0
88 156 48
72 79 2
21 55 47
95 111 19
57 118 5
42 132 22
17 160 2
53 88 38
20 150 14
133 134 8
19 68 27
58 156 0
51 148 11
31 119 18
105 148 48
96 126 0
128 159 48
44 54 39
44 110 23
132 140 12
130 147 11
52 97 17
37 54 48
36 115 15
20 144 27
71 155 27
56 139 5
58 143 43
62 148 3
29 120 40
6 27 20
89 104 35
20 74 7
50 55 20
3 48 25
107 136 13
18 111 6
8 103 15
44 77 37
9 54 22
48 138 17
17 153 32
47 83 4
12 80 13
63 108 4
54 155 25
7 37 29
5 98 15
36 56 49
153 156 2
77 81 1
9 151 43
7 18 3
1 32 34
12 159 24
49 119 3
52 140 22
27 130 21
9 49 26
33 88 19
34 107 48
6 71 38
44 64 34
45 131 13
98 145 15
64 124 11
108 138 10
141 144 27
80 95 17
100 134 28
24 103 13
6 26 44
29 119 3
11 139 10
100 107 49
17 132 48
85 122 15
25 70 0
21 76 16
41 84 23
68 146 27
127 156 14
19 75 48
39 159 28
20 72 16
9 81 3
83 149 26
98 138 20
67 91 17
76 78 12
104 146 0
57 93 11
11 40 21
91 133 10
112 133 27
81 123 31
23 66 44
2 145 21
26 70 43
36 97 31
76 150 14
69 137 6
61 100 23
40 109 17
90 158 27
4 115 11
34 41 47
38 110 9
12 49 2
25 149 9
5 84 20
58 92 16
37 89 16
35 158 27
3 99 3
14 95 47
91 128 18
12 48 14
79 107 27
41 49 16
26 78 28
154 158 21
49 57 19
51 115 16
35 79 8
150 154 16
56 101 29
64 98 50
98 120 30
8 151 2
54 81 41
3 117 21
8 134 26
118 155 47
10 128 6
11 81 22
53 74 30
143 154 19
16 99 13
57 143 9
40 129 39
21 147 31
64 119 34
75 110 32
27 55 27
52 142 33
126 155 26
22 127 1
75 101 24
119 145 30
54 124 36
115 147 41
1 99 30
17 112 41
59 70 10
95 146 48
25 71 5
122 141 9
35 157 27
2 92 7
9 27 1
50 147 31
74 109 13
46 160 28
64 77 42
62 63 36
10 102 49
38 71 18
34 130 45
58 96 8
21 27 14
74 147 18
97 149 15
112 157 45
1 80 13
82 159 28
25 122 48
27 85 42
74 158 21
89 90 26
41 120 20
25 127 34
121 131 21
28 123 11
71 82 27
66 143 20
18 148 29
119 135 46
95 151 24
89 146 29
64 66 5
33 64 17
92 151 33
59 145 4
18 85 13
40 132 2
10 18 46
46 134 22
5 11 44
56 146 29
81 138 29
2 39 5
78 120 18
22 61 5
39 98 45
15 44 10
47 141 48
107 133 22
99 107 18
63 143 28
7 133 41
81 142 38
23 149 19
59 71 32
49 150 47
60 155 32
104 130 3
67 93 47
37 66 20
10 160 19
41 60 5
100 132 47
35 44 18
61 146 30
55 57 50
85 147 37
32 153 21
34 79 46
44 134 44
57 160 37
38 81 15
35 46 46
18 123 24
135 146 18
67 100 2
124 146 34
15 114 42
41 48 43
70 75 6
104 115 34
3 53 42
50 131 32
5 45 28
130 153 12
95 107 27
84 119 18
23 27 48
30 114 33
50 99 11
2 5 37
25 90 10
13 137 46
78 110 2
130 157 1
89 100 28
78 109 3
50 85 49
7 144 6
90 153 23
49 68 50
10 77 32
41 113 2
34 63 21
76 98 44
101 144 46
43 107 5
107 140 6
34 114 11
128 129 8
2 22 31
50 51 1
74 156 49
121 148 15
36 70 25
52 92 42
18 76 7
120 128 39
78 125 40
69 158 34
11 132 5
126 159 47
85 124 45
8 105 20
27 51 26
2 84 33
1 105 49
85 129 30
54 123 18
93 115 11
18 24 19
14 87 42
53 73 0
36 138 46
50 66 26
136 155 0
37 94 42
55 150 29
58 136 18
65 140 23
115 157 12
75 103 16
82 117 5
116 138 18
16 103 19
98 127 44
107 114 11
24 71 37
19 49 39
57 75 29
11 21 2
19 123 8
40 68 29
87 108 29
76 152 26
27 152 14
89 156 18
100 106 23
14 125 19
86 89 50
6 82 38
80 116 11
24 54 38
118 120 7
92 141 14
38 54 46
69 90 41
19 132 16
69 142 23
72 73 35
38 139 9
95 134 24
131 132 43
3 36 13
14 88 5
5 128 47
66 115 27
80 149 35
143 145 44
19 149 5
53 109 50
90 155 42
86 107 1
10 40 28
87 113 2
68 150 19
65 131 0
10 91 3
84 146 44
7 39 39
143 156 1
39 107 15
36 135 8
30 76 41
2 154 0
73 90 6
2 106 11
87 112 27
10 144 6
98 102 8
32 46 41
75 122 23
52 113 15
39 141 40
45 74 17
116 125 39
55 78 46
27 148 15
11 107 20
67 106 44
68 113 40
3 79 19
77 133 46
15 150 24
71 74 22
84 95 34
3 4 8
69 106 44
10 158 29
10 79 18
56 147 19
31 135 3
24 46 28
35 116 12
68 134 47
66 79 46
42 133 13
72 134 19
31 128 12
130 155 34
41 140 10
8 160 16
28 83 15
23 140 38
2 153 15
14 63 21
69 120 5
14 109 9
31 92 5
24 112 12
27 136 6
14 57 2
87 158 18
47 62 2
124 135 48
91 115 11
1 156 19
49 75 33
86 100 33
36 93 28
75 143 43
9 123 11
43 101 37
125 155 14
152 153 33
67 150 21
73 89 4
80 123 3
97 147 48
101 141 4
22 72 7
86 108 48
86 109 4
109 113 4
60 135 13
37 145 33
44 81 3
66 133 49
112 148 36
16 150 14
13 102 3
87 114 24
118 133 15
33 148 49
12 100 28
63 147 49
51 137 49
123 155 31
14 33 23
56 160 15
33 47 17
57 61 30
77 156 45
39 121 33
3 56 27
41 148 46
60 104 5
47 55 20
56 103 45
70 132 6
94 139 23
29 145 17
120 134 0
35 91 44
123 153 21
96 149 1
26 111 44
26 103 44
31 149 47
148 159 25
73 76 31
8 149 50
12 157 29
53 71 24
10 129 16
132 137 5
9 31 49
2 72 26
10 51 18
124 154 4
81 134 19
49 120 45
18 22 5
53 134 41
41 146 20
8 128 20
19 59 7
35 58 20
88 134 21
48 84 33
14 74 13
87 97 15
1 45 43
68 147 48
18 155 19
85 102 33
18 92 4
36 151 38
2 11 24
60 152 16
118 144 7
97 132 9
46 132 40
38 48 14
38 86 2
28 106 38
85 103 4
103 124 37
31 33 43
33 109 28
13 144 13
78 131 45
12 149 30
50 144 18
3 156 42
28 31 43
75 104 45
7 62 49
70 80 49
71 115 0
82 108 18
53 72 34
117 154 27
2 37 45
42 49 13
27 72 27
55 75 28
79 135 3
54 63 13
19 102 1
146 147 1
43 56 32
32 65 25
80 129 34
3 131 6
46 124 32
51 59 46
7 84 20
27 60 27
63 103 13
13 78 47
42 98 36
17 33 5
113 159 22
43 86 12
47 140 27
23 69 44
35 42 13
20 106 3
74 123 21
76 114 19
73 138 35
29 142 39
18 151 37
84 116 29
69 114 18
64 120 23
79 102 48
8 58 43
56 140 28
32 35 5
14 50 12
30 88 7
48 64 15
27 147 34
61 112 28
43 88 17
98 149 14
6 73 25
86 105 1
1 67 2
55 132 13
5 157 19
39 67 15
15 152 17
76 119 28
25 144 23
49 124 23
55 156 40
10 30 31
80 133 28
37 112 28
4 91 47
53 105 38
6 7 7
94 157 45
7 119 26
127 132 18
14 62 5
17 143 8
10 50 32
46 98 33
71 134 10
57 110 24
3 143 19
35 149 20
57 146 22
3 17 40
48 67 29
26 72 7
122 138 39
81 160 31
65 121 0
84 132 39
11 117 0
32 72 43
58 69 12
9 51 8
58 133 9
27 141 14
15 17 27
100 108 43
130 160 24
62 134 42
141 151 13
4 16 7
116 133 6
21 129 34
121 157 49
15 80 26
37 138 35
38 94 16
61 134 29
69 109 42
45 92 31
22 119 48
56 119 50
79 117 40
62 69 8
81 152 4
44 107 23
56 80 20
17 121 25
66 141 36
38 63 13
126 130 15
24 45 41
58 114 29
7 126 48
108 134 4
13 134 31
72 101 7
76 116 25
60 149 26
84 96 26
75 157 16
66 154 13
29 126 3
28 96 50
31 34 16
44 144 24
47 120 38
62 151 16
11 48 31
128 160 20
27 64 12
33 40 12
68 137 12
4 140 21
62 76 18
73 125 45
33 60 9
40 151 49
11 108 45
92 96 25
94 124 42
122 157 21
30 116 6
62 121 26
49 135 2
1 16 37
47 70 20
3 72 16
67 149 19
70 147 28
90 99 13
50 130 2
29 91 25
86 126 39
72 74 4
114 147 18
20 62 22
49 90 15
15 64 1
20 97 37
120 155 29
50 94 20
2 47 6
67 90 32
40 91 33
96 158 4
6 14 27
53 154 39
3 82 48
82 151 40
16 65 40
11 91 13
98 152 20
20 84 31
16 111 24
43 108 31
19 50 31
3 73 8
65 95 9
66 74 38
122 140 15
36 102 36
32 97 14
50 151 27
