180 6 1400 1600
64
13
141
56
58
157
141 13 35
13 64 6
64 56 16
56 157 45
157 58 48
58 121 2
121 43 8
43 127 27
127 35 21
35 171 2
171 84 39
84 114 4
114 140 7
140 31 31
31 101 9
101 23 44
23 163 25
163 172 33
172 65 34
65 175 20
175 176 36
176 104 29
104 136 10
136 41 43
41 20 2
20 135 14
135 107 11
107 126 38
126 62 32
62 162 23
162 111 3
111 15 16
15 159 36
159 92 36
92 12 23
12 69 25
69 132 2
132 142 34
142 94 5
94 180 34
180 4 6
4 72 35
72 3 47
3 9 38
9 60 31
60 129 46
129 110 50
110 146 0
146 122 13
122 120 17
120 10 33
10 156 15
156 26 39
26 113 40
113 90 2
90 86 27
86 44 22
44 143 3
143 33 25
33 42 37
42 123 17
123 38 7
38 24 5
24 82 26
82 131 47
131 154 0
154 112 19
112 96 38
96 89 8
89 119 47
119 161 40
161 50 19
50 27 29
27 80 4
80 37 2
37 138 2
138 47 19
47 103 34
103 139 1
139 57 4
57 83 10
83 145 26
145 59 14
59 68 12
68 130 18
130 118 31
118 11 28
11 78 41
78 30 20
30 144 39
144 99 21
99 124 16
124 52 0
52 7 6
7 40 49
40 70 3
70 67 31
67 149 46
149 76 32
76 102 38
102 177 49
177 167 50
167 160 35
160 166 2
166 178 12
178 77 37
77 88 45
88 19 14
19 179 36
179 18 38
18 25 6
25 49 3
49 106 34
106 14 33
14 16 25
16 5 20
5 63 14
63 151 40
151 87 10
87 116 23
116 36 16
36 74 48
74 152 4
152 169 29
169 73 42
73 39 33
39 134 9
134 21 36
21 34 16
34 137 39
137 168 21
168 28 21
28 155 50
155 95 39
95 109 7
109 108 4
108 8 0
8 51 19
51 153 48
153 174 9
174 48 20
48 2 0
2 79 39
79 66 8
66 150 41
150 6 8
6 93 35
93 54 22
54 100 24
100 133 47
133 105 5
105 17 40
17 117 5
117 53 24
53 61 39
61 128 38
128 85 26
85 45 50
45 71 22
71 32 23
32 97 25
97 98 37
98 173 23
173 158 28
158 164 50
164 55 28
55 165 18
165 147 34
147 29 44
29 81 17
81 22 14
22 75 31
75 115 35
115 148 32
148 170 32
170 46 6
46 91 6
91 125 5
125 1 34
81 111 39
119 140 42
56 69 11
23 82 11
84 152 26
139 154 50
116 122 26
124 172 25
36 59 7
84 136 15
126 177 48
102 138 36
30 33 33
151 158 39
36 87 34
58 59 14
91 154 48
12 82 24
11 158 9
43 45 34
8 69 20
21 61 35
9 86 44
84 99 9
58 74 33
18 152 7
71 93 5
19 35 19
9 133 22
2 165 37
28 145 42
34 133 23
87 114 32
1 158 5
164 178 36
2 92 39
49 95 36
48 115 25
58 69 47
12 170 49
2 14 44
3 37 41
62 76 38
43 79 35
70 100 46
19 109 39
4 15 24
78 99 27
10 25 22
52 97 43
120 134 41
25 68 17
102 156 19
16 145 5
7 115 12
12 155 30
57 128 3
19 99 37
104 150 23
3 134 12
73 100 22
37 55 49
37 147 19
3 140 11
29 143 12
164 169 32
78 98 24
62 97 31
119 130 48
13 36 19
98 156 11
8 150 43
21 137 40
45 163 48
61 94 12
33 102 23
19 160 42
57 142 48
133 173 10
70 99 9
54 60 0
34 57 31
30 122 9
62 175 11
32 90 42
11 120 15
25 137 20
23 115 3
87 147 42
10 63 36
48 130 2
5 118 4
86 112 13
154 176 38
97 107 42
121 126 3
135 165 9
147 156 22
91 136 14
13 133 50
36 168 20
84 130 31
119 124 36
27 134 15
1 100 33
42 144 48
34 44 25
48 131 33
121 127 9
36 119 20
70 101 8
40 116 50
41 178 44
109 128 36
47 169 16
23 31 0
54 139 27
19 63 0
64 73 4
15 63 40
18 137 23
59 150 1
101 102 26
26 129 23
42 136 11
152 154 5
58 140 50
100 115 5
88 138 3
6 116 31
2 174 49
44 149 14
3 179 49
114 174 39
41 122 30
77 176 27
24 69 26
17 118 18
103 131 30
23 149 0
84 102 44
34 136 40
107 108 9
52 144 2
99 166 2
43 169 32
6 146 6
155 174 25
62 116 0
32 75 40
130 156 8
98 99 49
30 124 47
85 170 31
49 93 28
17 19 2
83 125 24
87 168 38
56 85 14
120 175 44
17 76 44
78 153 32
62 106 31
72 154 16
28 166 5
12 64 6
93 155 5
5 104 0
111 114 29
92 137 38
28 135 20
45 126 11
12 41 25
68 162 25
128 140 37
82 139 25
63 109 32
66 155 43
73 144 41
28 56 44
14 90 40
34 52 31
25 145 32
19 168 30
90 155 0
167 174 15
119 153 47
28 114 24
152 160 3
163 176 7
52 94 19
21 122 20
19 100 16
25 160 10
49 66 11
57 126 50
7 101 25
7 36 16
91 117 27
60 133 2
38 75 16
87 171 0
74 79 38
11 85 34
100 111 39
28 74 8
86 116 35
136 147 43
52 93 13
12 38 0
69 133 14
16 139 27
96 150 6
82 176 46
2 98 9
102 134 11
37 161 44
67 128 24
52 114 37
26 59 46
105 114 28
80 151 33
72 84 11
88 178 35
16 119 0
44 122 6
23 124 44
32 41 26
70 90 45
10 101 29
94 110 20
42 133 37
58 73 38
83 133 48
55 168 28
21 75 34
70 169 19
38 152 14
100 151 25
100 174 6
69 124 3
7 86 29
20 122 50
115 145 44
9 144 35
77 154 5
7 110 50
30 130 16
99 140 26
20 49 40
73 162 33
23 144 22
48 98 0
14 73 1
134 166 3
18 93 25
81 149 8
16 127 42
56 125 17
8 47 0
39 51 9
8 15 40
83 124 41
49 116 45
49 50 17
41 80 49
123 146 12
116 139 49
72 131 40
53 76 38
31 78 36
59 88 1
72 176 32
133 149 17
28 72 6
61 108 22
39 74 24
39 113 25
108 163 8
158 167 26
15 123 37
73 82 1
96 100 36
45 95 37
5 100 35
12 25 16
54 141 10
52 169 48
10 150 42
149 159 5
20 149 8
134 162 25
22 104 44
46 164 9
61 62 16
170 171 23
104 114 28
9 168 29
35 178 21
166 170 11
46 114 2
33 77 8
69 114 45
31 88 17
134 154 27
26 66 10
119 127 41
4 131 8
63 163 35
118 141 44
31 153 43
86 134 9
3 39 0
6 173 23
60 113 47
21 118 18
35 117 33
38 95 1
28 76 14
21 143 32
43 155 33
70 95 30
78 104 49
103 151 47
28 87 26
32 40 0
47 162 24
29 135 1
17 20 13
90 93 42
95 138 22
7 54 20
91 165 40
4 12 11
22 60 29
8 50 19
22 163 17
138 172 39
4 37 35
67 141 48
22 40 30
48 159 49
33 155 5
65 99 49
30 77 15
26 103 2
94 178 34
107 153 19
134 138 46
49 119 12
128 160 26
56 159 10
30 63 19
147 169 39
75 160 8
9 19 16
82 157 1
33 86 46
58 99 22
82 163 24
108 170 2
125 128 1
121 172 3
9 143 49
134 160 10
64 104 4
83 139 19
64 169 5
55 76 9
18 58 21
137 143 47
81 180 1
159 174 5
97 157 3
95 142 43
72 170 29
9 17 5
41 134 48
97 178 48
89 136 25
30 155 46
39 139 42
21 39 34
68 75 49
76 96 31
81 162 39
49 130 39
65 68 30
150 168 28
63 123 24
115 132 4
30 85 10
51 167 11
146 149 29
6 170 7
96 98 50
20 31 24
38 172 32
18 66 42
9 157 42
6 17 10
104 155 44
1 40 33
122 177 28
58 85 11
23 34 6
1 170 46
5 44 14
16 95 35
84 131 19
21 37 4
62 166 38
20 26 47
21 26 10
24 149 43
25 90 4
55 126 17
8 148 33
2 107 5
31 156 17
6 60 20
77 85 14
34 54 29
39 45 15
134 180 29
44 95 10
40 142 49
5 149 11
8 34 3
83 137 48
34 68 4
35 144 21
82 167 5
102 119 17
30 113 50
79 161 6
81 123 33
29 114 17
175 177 9
91 119 40
1 69 30
16 44 20
84 132 16
88 173 22
6 18 35
93 94 17
98 159 2
26 147 22
14 166 8
106 179 43
36 114 38
41 84 6
61 103 9
90 118 31
46 168 44
132 146 27
45 148 42
67 88 18
116 125 1
48 56 26
62 114 49
28 173 40
77 133 11
90 128 32
45 145 12
123 152 8
96 125 50
21 145 32
18 132 34
62 142 24
48 68 35
92 146 43
30 62 10
33 123 30
84 129 48
50 89 14
42 179 44
12 71 42
22 172 7
111 127 18
176 180 32
93 170 2
1 61 10
110 124 29
49 51 45
71 102 42
123 161 10
41 79 38
29 136 7
73 164 16
2 38 18
51 112 33
151 154 22
122 128 34
56 110 27
13 65 3
9 172 36
1 82 50
5 174 3
128 165 19
83 161 41
5 43 16
21 55 35
34 154 13
7 123 5
95 176 7
14 147 13
135 155 40
15 73 11
2 51 43
109 112 37
84 112 44
40 48 48
35 72 48
43 72 2
93 156 12
8 126 30
70 172 40
79 116 33
74 102 2
23 138 37
6 125 23
48 65 6
65 150 30
133 135 35
154 179 6
91 168 6
8 101 3
90 143 13
150 159 11
156 164 32
15 138 17
60 94 37
32 144 20
30 165 22
63 119 11
44 86 4
41 123 21
85 154 21
59 79 28
80 86 24
69 74 46
8 124 1
57 138 45
102 167 44
63 66 44
29 60 43
122 132 17
165 169 39
27 64 43
91 116 0
2 112 21
22 121 49
43 159 18
107 172 6
118 136 46
87 131 27
74 88 29
10 31 1
10 97 6
43 102 6
72 165 47
46 96 35
83 101 28
36 153 17
46 68 31
48 94 49
162 179 25
22 25 7
79 150 43
15 104 12
137 167 39
146 161 10
27 92 12
130 142 4
8 174 50
18 104 6
120 122 13
43 48 42
17 38 33
128 129 10
18 146 46
75 114 12
59 125 22
33 172 32
65 100 7
55 180 7
64 168 42
14 84 13
35 126 23
18 34 14
62 141 5
27 47 10
90 178 10
105 162 47
12 83 7
104 139 39
97 173 22
84 178 19
2 163 27
92 173 11
25 50 35
65 154 8
3 125 10
45 125 39
37 136 39
50 85 28
64 91 12
75 133 36
52 141 24
41 158 43
44 133 10
76 140 10
8 83 24
85 160 5
28 142 31
114 168 6
7 12 2
45 52 19
86 169 1
48 86 43
111 163 33
93 165 46
112 168 30
44 115 15
24 102 25
28 68 20
110 150 18
9 77 36
42 157 41
21 69 3
115 158 26
21 49 35
80 107 3
28 154 31
16 121 41
84 156 27
22 125 2
96 112 48
1 133 25
5 59 28
151 173 34
4 146 49
75 125 0
116 130 29
113 172 23
31 137 29
69 163 10
159 168 42
89 165 14
61 163 23
69 174 29
88 111 0
103 162 15
126 147 20
23 58 39
62 157 26
6 144 33
66 125 4
136 157 6
92 140 31
103 121 28
54 153 1
22 168 27
19 33 43
80 113 14
76 85 16
37 68 47
54 85 30
108 125 15
49 141 50
1 140 24
1 157 18
148 174 50
101 141 1
21 168 38
97 169 47
11 174 29
46 64 50
102 112 8
50 172 21
54 76 46
151 178 23
81 124 2
99 103 7
11 99 44
58 80 10
1 176 47
32 172 42
32 85 5
78 115 26
30 164 38
85 148 37
55 144 14
3 118 30
70 160 20
132 136 23
34 158 0
30 136 28
3 119 26
1 41 22
34 90 50
58 119 28
106 116 15
62 71 22
17 174 26
26 90 32
107 156 5
95 119 30
65 69 4
85 141 46
14 119 44
38 53 12
33 128 15
37 119 28
44 131 5
108 116 13
54 115 41
20 171 37
148 150 27
125 140 9
9 72 12
43 160 10
14 161 3
43 52 6
55 125 50
37 125 0
101 152 31
22 23 27
64 150 8
22 144 34
101 160 20
43 68 22
12 57 17
4 127 7
39 105 40
19 166 32
71 98 42
36 122 5
26 104 30
27 133 32
58 133 48
27 116 24
84 116 9
104 132 35
150 158 45
24 32 1
13 93 15
134 136 50
73 165 9
22 26 14
38 158 19
18 69 17
22 165 49
12 180 34
153 173 24
12 133 19
111 137 4
4 62 19
119 169 48
45 158 8
147 168 27
55 105 35
117 159 17
47 143 41
90 134 34
57 134 32
57 109 43
12 145 17
60 79 24
90 140 41
112 149 8
76 97 7
155 165 31
51 119 24
66 142 7
97 146 3
34 180 46
46 119 39
27 121 27
107 140 3
25 36 19
49 96 20
2 71 3
36 86 36
85 113 39
50 64 7
153 164 48
54 152 33
15 169 5
16 129 48
27 77 34
49 76 15
39 162 21
47 148 25
54 101 15
29 66 4
1 33 3
156 161 8
32 99 44
117 142 28
142 148 27
62 179 48
45 94 0
89 146 37
114 117 29
100 107 43
27 151 1
57 114 27
26 167 22
121 155 5
28 88 23
17 123 12
81 105 0
5 37 32
91 139 23
91 153 27
3 131 36
78 95 8
84 175 18
1 172 19
142 144 23
107 117 34
8 165 14
110 148 6
20 87 14
73 128 43
36 136 42
1 166 45
125 134 34
86 107 37
1 26 25
46 103 45
68 100 44
76 90 45
129 140 40
34 93 20
36 135 40
80 161 48
78 178 48
44 157 12
30 73 9
95 178 25
2 111 14
64 101 31
49 117 2
104 143 24
36 125 16
151 167 25
13 173 15
6 26 40
118 178 33
54 161 32
159 165 33
48 146 17
101 175 6
68 74 35
30 156 25
153 154 24
50 138 35
24 175 48
26 119 29
18 167 34
22 44 12
54 95 0
18 95 22
160 164 27
68 94 7
37 114 36
72 103 49
25 168 3
140 155 20
3 20 29
52 148 48
145 167 44
86 100 27
56 78 24
17 179 21
54 164 41
11 138 24
36 148 31
14 45 10
117 172 8
116 165 9
112 125 42
5 83 45
134 173 49
151 169 28
15 156 17
52 84 25
22 143 10
23 52 11
76 107 49
32 165 42
24 42 6
42 173 32
123 149 23
67 81 31
73 169 44
60 89 40
62 83 25
21 83 44
33 91 20
57 76 49
63 150 36
9 109 14
119 146 5
84 163 23
4 79 31
41 69 30
59 144 21
42 87 14
56 92 29
29 83 46
103 119 50
2 123 8
79 154 10
71 107 21
117 137 30
82 128 2
37 170 40
74 163 44
105 118 41
15 68 29
91 157 21
40 121 0
37 61 8
94 127 15
58 92 12
18 125 10
7 102 50
83 120 48
19 84 2
88 125 17
110 172 32
89 128 21
58 158 12
82 159 41
46 53 26
82 105 23
74 83 28
72 93 12
56 174 47
19 39 4
51 172 44
166 174 14
14 74 33
56 115 19
79 178 26
9 23 38
128 135 38
8 79 25
34 85 45
36 141 39
28 159 12
105 135 45
19 132 8
61 148 0
45 133 4
35 140 35
64 177 49
39 119 9
85 142 21
37 52 13
25 141 19
90 112 32
57 132 48
33 134 40
88 115 5
31 140 7
43 128 29
70 130 44
15 53 37
48 127 38
65 161 13
66 100 39
53 158 7
55 67 15
101 117 17
130 139 2
107 147 23
56 172 5
68 128 27
50 56 27
99 110 41
49 60 45
67 142 22
54 136 35
34 84 6
140 142 25
15 173 36
3 63 35
15 142 46
130 132 49
38 45 31
116 174 22
79 108 19
89 174 25
1 98 40
18 171 24
8 145 47
77 172 42
85 169 6
68 149 26
30 90 45
97 156 21
26 32 45
34 97 37
18 112 7
91 124 1
81 120 13
57 137 19
3 115 17
162 163 36
86 117 24
10 102 8
26 152 36
59 131 29
29 31 28
39 178 50
151 156 5
126 151 41
54 99 13
69 166 6
15 140 29
6 165 33
56 67 1
9 89 33
92 150 41
72 172 43
81 141 49
17 134 44
135 137 8
54 146 19
137 148 27
108 165 50
98 139 12
66 154 13
114 177 1
117 171 5
173 174 12
34 74 50
31 124 42
54 160 43
43 122 46
75 175 6
50 67 45
49 71 14
54 61 48
86 132 49
5 131 35
21 47 5
2 59 11
75 177 31
27 52 31
86 176 9
61 127 17
130 165 43
123 158 0
130 151 17
37 115 21
98 112 19
29 161 2
67 93 36
100 171 25
47 51 31
13 39 26
47 126 9
136 180 18
43 47 0
130 150 24
81 102 42
17 49 36
7 50 6
4 175 13
5 49 40
22 175 10
20 63 43
112 119 33
53 111 29
21 139 8
72 89 46
39 94 47
65 153 7
69 167 15
170 172 10
69 92 5
80 168 1
26 169 28
38 179 34
105 129 45
16 31 44
24 83 34
76 151 32
14 116 49
67 135 5
118 168 27
124 148 47
9 41 28
151 170 20
57 124 0
8 59 24
88 179 20
8 127 31
27 69 18
10 113 47
11 94 4
14 59 9
42 60 36
46 159 32
5 95 1
27 129 13
58 180 10
82 146 33
158 161 32
37 108 42
27 86 3
63 177 9
30 107 8
20 45 16
120 136 47
165 175 2
60 130 9
128 143 33
97 105 43
60 123 25
6 132 24
83 88 34
95 125 32
71 129 29
29 73 47
77 110 18
12 106 44
4 88 22
68 114 45
40 76 16
14 142 41
64 121 35
48 123 49
37 137 30
157 167 44
97 123 16
5 33 36
53 88 32
38 83 14
103 177 10
64 125 5
7 49 49
99 172 27
17 178 6
12 99 12
93 133 28
150 155 43
3 116 28
4 19 39
79 128 4
81 172 30
43 109 26
13 27 39
33 79 19
32 168 12
16 143 10
59 180 35
92 123 26
65 102 34
42 88 8
65 133 48
3 173 23
72 94 27
76 128 14
19 174 44
15 163 26
25 178 41
84 157 27
51 105 29
35 147 36
59 98 19
60 141 46
16 109 27
5 148 14
21 99 39
137 165 45
43 87 15
22 146 29
34 83 7
82 158 20
13 107 35
39 47 29
49 58 0
37 139 32
38 127 6
77 168 37
1 175 30
4 163 10
141 172 49
128 172 13
28 112 18
2 101 27
60 146 8
147 163 1
11 128 6
42 177 22
39 97 19
72 127 0
70 162 2
120 150 17
1 30 48
26 85 19
81 99 5
18 106 39
15 105 27
114 143 4
50 106 24
58 128 48
29 98 14
15 16 0
75 161 12
85 123 28
127 130 28
40 102 18
16 21 5
