200 6 1400 1800
132
164
104
44
188
94
132 44 7
44 188 53
188 104 1
104 94 11
94 164 15
164 175 44
175 167 26
167 179 24
179 102 0
102 155 17
155 38 28
38 131 15
131 129 30
129 114 49
114 48 14
48 128 36
128 101 1
101 28 7
28 31 13
31 79 3
79 122 51
122 84 15
84 33 23
33 41 15
41 86 24
86 40 19
40 116 16
116 61 56
61 198 55
198 5 4
5 186 59
186 184 55
184 34 8
34 6 29
6 82 33
82 154 31
154 14 41
14 138 0
138 68 14
68 56 58
56 106 3
106 200 48
200 146 13
146 124 25
124 149 4
149 139 33
139 91 60
91 26 0
26 151 8
151 42 60
42 49 57
49 7 43
7 70 14
70 107 34
107 126 18
126 95 2
95 135 49
135 83 46
83 127 45
127 23 42
23 144 31
144 87 60
87 108 10
108 171 34
171 53 18
53 152 40
152 37 55
37 18 42
18 60 24
60 99 9
99 75 12
75 10 4
10 8 9
8 32 45
32 133 23
133 19 53
19 172 3
172 177 32
177 199 24
199 119 17
119 141 50
141 47 7
47 96 30
96 192 13
192 174 13
174 196 44
196 15 10
15 2 58
2 74 14
74 145 45
145 190 45
190 13 21
13 103 17
103 100 60
100 24 38
24 105 40
105 12 53
12 180 52
180 80 59
80 125 26
125 137 48
137 163 30
163 159 45
159 98 15
98 89 1
89 35 14
35 112 20
112 183 45
183 158 55
158 153 29
153 17 23
17 72 41
72 166 11
166 181 4
181 77 56
77 22 51
22 162 29
162 160 30
160 9 37
9 62 5
62 16 52
16 90 25
90 25 59
25 59 20
59 193 39
193 69 38
69 88 60
88 3 1
3 140 29
140 118 53
118 182 32
182 115 30
115 85 16
85 110 26
110 195 0
195 191 19
191 189 39
189 20 54
20 134 24
134 76 54
76 64 53
64 130 14
130 65 0
65 185 23
185 169 38
169 45 26
45 81 10
81 4 18
4 136 36
136 67 12
67 57 37
57 92 24
92 27 37
27 1 22
1 157 1
157 66 14
66 161 29
161 46 49
46 11 28
11 97 44
97 63 20
63 194 56
194 187 1
187 52 60
52 71 30
71 165 11
165 176 29
176 43 9
43 197 30
197 117 8
117 150 15
150 120 7
120 178 34
178 21 23
21 170 52
170 78 22
78 111 24
111 142 31
142 30 2
30 58 13
58 123 21
123 39 7
39 93 9
93 143 54
143 147 38
147 148 48
148 173 23
173 113 38
113 55 23
55 50 23
50 109 52
109 73 27
73 29 2
29 51 12
51 36 0
36 168 17
168 121 8
121 54 19
54 156 57
12 52 34
32 97 8
10 84 9
73 163 18
69 175 0
104 187 59
58 64 4
37 163 42
45 126 27
35 156 48
142 150 58
141 166 42
39 156 32
43 144 51
170 196 38
73 99 37
68 190 34
4 127 28
20 41 53
99 197 25
138 158 58
60 199 60
64 109 47
16 123 17
130 191 43
84 99 22
111 154 16
84 120 18
20 57 35
66 150 12
129 158 45
114 141 51
122 192 22
109 161 9
134 178 50
24 129 25
67 86 20
142 160 37
50 134 8
159 191 17
27 109 26
96 196 13
10 165 0
8 58 7
28 168 6
133 173 55
15 171 22
136 198 29
48 176 38
97 117 29
5 142 52
133 139 51
29 74 55
100 173 55
173 186 4
161 190 16
70 164 17
28 94 35
49 77 34
28 49 2
12 80 8
111 193 38
61 180 10
60 131 8
94 139 56
19 84 49
58 132 40
9 100 60
58 148 1
154 192 22
18 149 49
31 41 32
18 186 10
16 175 23
36 46 29
7 35 46
133 184 22
21 174 7
116 134 12
153 197 12
17 187 16
92 104 18
60 111 30
96 161 20
14 103 2
107 166 42
73 118 14
43 70 57
62 186 27
63 176 31
36 83 47
13 120 18
120 147 0
100 155 7
1 41 25
21 66 13
71 180 54
137 168 26
75 78 44
103 190 8
34 179 12
121 178 55
59 142 18
79 97 28
56 131 19
127 135 1
77 170 38
55 124 35
84 108 24
74 185 36
99 185 27
108 143 11
19 188 41
24 76 28
82 182 15
45 68 45
23 65 37
85 197 3
46 174 40
103 155 52
56 200 21
9 200 43
86 176 50
37 71 11
123 143 8
120 188 17
83 114 0
87 189 22
33 151 15
65 111 30
66 171 8
99 148 24
18 191 38
59 167 53
165 186 23
72 152 8
29 77 37
3 144 15
154 179 2
143 186 58
44 111 22
69 70 0
136 174 45
3 145 39
47 155 36
121 171 35
3 87 2
19 130 53
134 170 17
112 116 48
166 167 3
28 131 26
30 53 3
125 170 6
65 145 49
29 183 13
50 120 51
129 198 53
17 64 20
90 163 44
61 125 9
13 133 54
121 194 32
112 182 11
77 116 8
175 182 60
25 139 39
77 131 8
51 193 9
151 199 8
189 195 46
45 62 5
31 71 38
112 120 56
41 166 15
75 192 28
27 108 3
143 159 5
42 152 50
150 177 34
65 114 18
36 173 10
3 115 24
57 74 14
23 73 28
53 128 40
150 176 46
132 190 46
27 87 35
98 192 51
2 89 20
135 171 32
77 185 5
129 179 1
53 74 5
26 100 44
9 87 11
189 196 23
4 146 57
12 157 0
29 72 40
168 172 39
38 150 2
149 198 5
39 97 29
137 155 28
13 68 41
39 146 16
57 101 50
47 94 49
15 97 26
3 71 0
95 110 43
155 168 0
35 155 28
117 189 9
21 97 13
24 185 14
118 194 23
14 121 32
48 145 46
114 136 17
94 192 12
22 161 1
125 131 36
70 105 34
36 88 25
52 123 19
26 98 35
49 67 39
12 71 18
11 199 56
45 117 7
14 22 16
192 193 28
78 154 43
86 146 6
64 113 9
10 105 20
17 121 39
29 143 43
73 167 53
38 195 54
24 100 14
75 142 44
106 188 56
46 50 19
153 160 16
43 74 44
134 183 5
91 200 10
55 184 51
110 143 33
78 134 51
125 143 22
89 106 24
5 34 12
28 113 32
98 112 17
38 88 28
18 130 54
40 52 16
18 24 42
8 30 51
14 104 13
47 61 50
144 195 15
77 117 19
27 188 19
51 124 42
23 67 18
27 46 38
126 176 53
153 176 8
55 168 17
1 197 44
144 200 12
103 115 59
77 172 52
114 156 57
104 179 54
61 68 21
164 178 51
5 68 17
23 31 13
82 83 56
7 155 42
7 197 36
64 89 34
117 130 50
152 184 60
24 35 59
21 109 8
16 168 42
91 147 33
65 115 45
82 160 43
30 122 9
51 77 48
59 197 12
115 191 47
6 16 38
38 119 24
6 153 59
148 180 25
15 157 38
72 159 53
23 80 28
38 56 9
4 194 49
57 193 22
2 191 7
29 167 25
28 87 34
15 131 22
40 178 5
74 78 10
54 110 44
161 186 56
12 98 16
170 178 58
83 158 12
61 121 47
90 140 46
129 187 37
47 99 31
40 97 35
4 176 57
44 68 22
45 167 28
117 165 27
85 128 13
46 52 16
28 36 52
83 118 50
37 105 40
177 198 1
43 109 24
14 120 36
1 114 12
170 191 0
156 180 41
9 21 23
72 92 42
57 155 29
18 41 19
118 151 27
22 103 52
74 101 50
116 162 52
166 173 26
3 151 3
1 171 38
80 118 16
30 157 31
29 75 11
35 140 14
135 188 0
91 134 25
150 170 15
76 107 15
34 59 23
24 104 0
34 73 29
9 98 30
99 101 32
1 174 0
52 64 16
125 149 20
8 151 18
20 89 1
188 195 6
65 199 37
9 116 53
95 132 41
65 161 48
49 134 35
12 107 56
17 153 27
87 158 33
109 155 23
148 192 11
68 105 1
33 45 57
45 115 15
139 193 42
140 163 5
95 148 37
131 166 11
173 176 41
90 123 20
21 189 32
103 175 26
37 97 37
54 175 41
76 192 24
41 121 49
94 109 16
59 95 58
171 182 44
38 191 43
42 73 43
135 186 11
74 163 6
38 39 31
73 79 1
29 113 34
6 23 12
18 83 37
30 187 7
170 184 16
80 180 0
71 196 55
53 182 1
84 151 19
51 184 31
98 155 0
38 175 25
20 66 13
14 133 24
140 152 3
111 167 49
149 158 3
91 131 36
106 139 47
26 138 32
60 78 15
41 106 45
38 163 46
21 33 5
41 46 35
31 62 36
49 101 30
147 184 10
80 142 4
5 54 54
58 178 49
36 69 48
118 143 8
110 153 28
21 193 27
192 198 26
161 192 2
35 111 42
115 156 27
39 65 22
137 184 47
29 40 34
86 187 47
146 184 3
43 152 50
41 97 11
77 187 3
82 138 10
17 176 16
16 134 28
63 128 4
178 189 8
118 149 19
20 140 7
19 143 40
1 16 56
12 171 57
61 156 24
40 123 0
13 75 31
68 184 52
110 154 35
28 128 56
25 174 16
63 120 0
61 73 15
56 178 2
35 115 5
19 80 30
96 134 51
83 186 29
141 145 25
15 173 37
72 117 37
1 84 5
9 179 51
28 69 25
39 186 2
74 173 12
115 183 11
21 195 13
18 47 29
136 199 12
25 34 11
10 97 57
49 64 6
64 165 35
14 139 59
79 142 19
157 199 52
81 130 42
38 77 12
8 193 2
163 193 17
118 196 12
38 132 60
65 188 37
22 111 57
72 184 22
60 97 8
1 38 50
52 148 52
23 47 25
47 173 2
63 193 26
27 111 30
94 165 43
33 197 20
124 161 51
16 64 36
14 50 29
125 140 48
75 160 47
97 145 60
41 113 37
66 176 28
113 148 1
90 138 33
37 127 47
159 198 8
87 198 4
57 195 4
37 177 39
130 188 17
56 157 9
4 26 11
164 194 0
15 79 44
141 175 9
23 171 58
40 140 17
62 130 9
64 111 47
76 93 59
97 148 8
2 9 38
54 122 11
149 188 48
34 36 9
104 110 59
113 114 41
46 152 50
38 200 55
14 33 9
155 174 5
42 156 32
133 147 7
124 170 57
30 129 3
10 108 10
13 47 25
28 41 60
9 127 19
149 199 49
63 113 44
75 198 5
73 87 50
130 199 23
72 82 45
174 191 31
12 99 33
14 164 24
57 165 44
118 169 32
78 131 21
120 124 58
61 96 47
76 131 18
8 103 20
24 170 26
130 132 54
2 186 32
41 94 24
144 186 31
59 176 39
27 159 18
67 191 23
40 162 46
9 106 33
51 103 60
40 129 0
102 176 42
41 165 31
49 162 43
83 123 11
64 177 49
86 178 29
119 190 48
49 135 54
129 145 13
14 197 12
130 144 58
62 173 41
47 177 60
34 145 43
63 183 53
5 156 0
10 66 41
39 106 27
84 145 42
25 177 10
99 195 58
38 152 46
173 190 28
23 93 37
44 57 53
13 152 33
33 36 6
116 169 7
48 86 38
111 198 56
97 129 27
130 192 34
53 198 16
105 131 38
11 138 21
98 119 55
22 32 23
24 66 16
38 167 26
187 190 36
30 70 43
72 112 17
80 100 59
91 135 48
156 160 11
157 182 40
141 188 35
33 140 25
81 106 19
40 174 13
37 61 40
101 107 40
113 196 42
68 193 13
144 153 57
44 184 21
171 195 12
71 193 27
63 140 47
101 172 37
112 154 44
2 175 27
118 123 40
114 155 34
56 139 9
56 90 18
62 180 36
31 72 4
104 163 37
36 128 26
26 39 59
10 110 52
58 117 52
30 76 22
104 147 32
32 55 7
4 69 25
81 156 16
59 160 11
16 28 54
61 153 50
48 62 48
18 161 15
33 163 14
44 178 31
86 125 12
110 139 47
129 140 38
27 169 60
64 91 46
46 73 35
64 148 59
62 178 52
75 143 43
61 136 50
47 73 24
101 169 9
87 152 31
48 195 41
52 124 7
92 131 57
32 155 37
38 52 52
2 29 6
116 199 48
5 200 6
152 175 7
46 70 30
44 97 53
104 116 23
29 58 15
141 199 20
86 108 16
63 195 27
22 62 45
71 85 9
92 137 57
107 193 20
83 126 27
80 192 54
113 186 3
91 187 55
48 141 5
15 45 3
26 180 22
5 116 18
23 30 6
158 189 45
31 186 19
20 88 33
61 152 1
20 107 52
11 153 16
74 148 26
95 101 41
77 134 16
91 132 46
35 102 59
14 99 60
65 122 56
123 165 34
73 192 35
1 132 14
115 165 56
75 167 59
130 189 41
72 148 19
30 39 57
26 68 57
85 134 15
106 186 20
33 87 39
152 157 20
101 196 18
151 174 4
23 195 55
29 170 52
3 113 40
113 172 49
135 151 30
177 194 5
26 117 44
118 139 38
46 148 40
21 59 16
64 105 29
154 176 51
8 60 34
160 177 18
100 122 2
59 126 49
34 148 59
17 199 16
63 175 47
136 146 6
78 123 10
95 190 6
164 179 21
109 192 10
83 191 27
14 85 2
15 48 25
175 179 13
162 182 8
20 139 51
148 189 24
36 190 31
58 194 24
143 185 36
59 190 41
90 93 23
28 59 17
8 146 30
119 120 18
79 113 40
22 195 51
37 154 55
79 182 23
25 169 53
5 124 18
56 186 37
72 89 27
6 33 40
16 82 32
15 53 4
42 142 48
41 45 58
99 102 18
39 181 48
44 47 58
94 178 55
81 138 40
3 76 8
152 177 18
61 170 18
63 81 9
129 156 4
178 186 38
105 175 5
82 92 54
67 70 2
117 124 43
71 192 8
61 173 26
69 160 0
115 166 8
54 121 23
21 159 1
10 200 51
166 183 28
9 117 59
43 123 38
126 153 18
167 183 1
96 151 35
86 123 53
74 106 48
59 187 56
54 132 57
84 146 53
93 185 59
80 122 51
47 123 58
86 173 46
90 160 39
40 165 35
38 116 26
35 63 21
116 189 49
157 185 14
31 51 56
46 155 18
29 197 52
18 19 23
7 113 42
115 149 38
27 73 42
72 183 50
9 15 30
163 195 30
111 122 7
107 139 47
18 38 6
146 154 17
184 197 52
72 120 1
24 155 37
54 60 32
38 112 12
64 194 28
112 151 49
67 200 46
97 194 44
46 114 51
129 170 3
100 197 15
133 149 13
173 178 39
76 165 44
45 71 39
163 170 20
45 72 18
47 112 31
66 130 54
39 92 44
93 103 42
78 161 31
28 30 53
69 139 39
80 126 60
54 149 31
152 196 14
67 144 59
106 166 6
6 152 25
35 89 46
20 121 11
34 51 14
112 187 25
71 117 6
90 128 19
93 153 29
30 148 28
10 98 17
148 154 22
40 90 37
122 183 48
58 142 60
42 80 4
146 171 49
36 174 13
116 146 1
31 175 47
80 187 40
134 186 28
169 191 17
99 178 57
3 80 34
59 72 45
61 135 3
35 199 34
41 117 14
38 63 16
167 177 32
166 195 59
18 64 52
39 43 35
6 200 6
124 192 19
87 132 44
59 93 56
36 90 15
95 128 56
101 197 9
32 115 16
55 79 25
27 187 32
144 158 46
61 122 6
6 168 39
54 196 52
25 145 17
91 171 46
149 161 35
103 104 44
66 197 54
113 164 10
100 157 5
133 161 35
71 150 39
90 104 26
3 182 45
52 73 54
159 176 9
23 179 35
102 194 35
11 13 45
31 148 58
16 66 58
13 144 42
90 122 33
11 67 35
47 124 27
5 39 2
3 57 3
106 193 52
113 123 47
126 131 9
70 181 42
7 178 22
26 142 11
175 180 35
119 193 15
132 194 25
6 102 52
67 195 43
58 127 23
69 141 25
59 71 44
13 119 2
98 186 33
17 106 1
14 181 57
44 200 43
92 105 1
130 146 12
15 33 5
101 176 0
89 131 52
61 158 22
28 43 50
26 196 2
50 176 57
86 193 10
59 118 25
142 184 22
12 70 22
14 166 18
38 103 37
121 154 30
21 123 57
74 75 10
63 199 10
68 186 21
82 169 14
176 198 4
34 84 41
51 189 8
41 147 41
99 150 15
91 183 0
94 175 49
83 106 23
16 167 56
96 198 43
31 142 23
152 200 30
2 94 39
103 182 39
115 176 42
53 137 41
56 193 18
27 69 33
7 102 39
13 96 49
104 138 33
15 197 45
181 193 51
40 142 1
90 185 3
15 147 16
121 157 49
112 137 44
123 185 40
11 84 10
118 140 15
42 180 53
68 168 49
85 88 11
38 165 52
56 130 28
76 152 34
52 135 7
129 178 15
87 114 45
167 170 56
4 182 46
6 193 60
26 174 27
24 75 48
1 28 17
69 115 20
120 136 25
1 37 3
85 127 58
71 157 23
98 177 41
57 84 52
115 196 13
103 195 11
129 146 7
75 124 36
93 172 49
94 170 52
124 156 40
9 43 19
184 200 12
97 101 52
117 175 6
1 69 46
54 93 42
52 160 55
10 76 48
133 143 50
65 196 3
124 189 31
39 147 7
59 103 2
68 197 35
56 82 3
166 189 21
9 162 35
38 87 30
29 53 45
84 154 2
3 54 36
16 111 53
20 72 34
153 172 33
24 38 14
83 150 36
83 160 46
50 72 53
54 153 54
80 158 56
92 121 60
44 159 22
75 169 23
99 111 56
34 75 4
100 182 3
64 168 53
54 112 47
36 172 19
57 103 19
34 197 36
89 178 41
102 190 9
41 152 14
146 197 50
27 131 22
48 175 25
75 157 25
46 160 31
16 17 50
29 182 5
46 177 49
153 178 24
120 172 51
15 36 34
71 100 45
9 177 26
2 39 43
92 185 28
68 162 15
14 186 52
48 136 30
78 167 51
127 200 50
65 167 57
52 104 10
36 146 5
92 181 59
32 132 6
92 130 4
28 130 2
69 79 54
97 137 24
14 48 46
19 87 47
121 173 45
122 193 8
86 90 11
4 190 19
93 131 11
132 162 33
45 113 20
158 166 58
123 173 26
30 107 31
8 145 54
1 99 5
6 51 4
58 197 30
57 68 32
42 65 34
30 31 48
174 180 2
30 165 45
30 61 60
87 96 25
22 52 51
52 75 55
31 66 33
59 102 58
25 101 19
69 100 33
6 48 5
59 149 48
43 94 26
20 180 1
9 110 18
95 166 33
26 169 28
5 197 12
79 150 20
18 137 40
57 129 53
2 137 55
46 54 26
134 157 12
14 168 44
74 179 22
28 88 57
50 145 28
48 112 5
40 73 40
77 119 42
139 177 19
40 175 57
6 120 34
91 148 4
13 148 40
14 45 31
149 180 44
90 192 36
150 154 42
65 90 21
85 184 4
60 119 49
71 159 10
80 113 2
94 180 28
36 187 36
71 105 25
49 158 11
79 82 5
59 184 43
37 84 52
110 159 10
101 190 3
50 94 2
78 150 31
151 177 14
