400 8 2500 3000
354
388
38
46
179
317
222
286
354 317 11
317 388 21
388 38 21
38 179 48
179 222 1
222 46 15
46 286 51
286 113 39
113 326 38
326 372 30
372 371 44
371 92 53
92 298 21
298 359 34
359 276 61
276 43 16
43 190 65
190 313 4
313 258 0
258 399 6
399 13 22
13 2 62
2 116 2
116 167 2
167 287 70
287 165 59
165 202 22
202 80 69
80 58 44
58 351 54
351 365 4
365 52 30
52 189 43
189 172 19
172 192 66
192 239 51
239 74 67
74 316 32
316 362 69
362 387 20
387 36 56
36 106 49
106 182 45
182 25 2
25 283 34
283 335 44
335 379 18
379 297 25
297 186 69
186 148 21
148 268 62
268 28 62
28 23 12
23 270 13
270 173 51
173 50 53
50 324 49
324 331 67
331 177 30
177 196 31
196 49 47
49 138 53
138 16 13
16 256 60
256 41 54
41 243 67
243 267 20
267 382 41
382 390 63
390 346 49
346 129 11
129 84 11
84 318 18
318 121 64
121 336 14
336 213 57
213 374 17
374 97 64
97 357 4
357 240 68
240 215 20
215 55 14
55 255 25
255 269 63
269 111 70
111 185 45
185 345 41
345 107 35
107 100 46
100 364 48
364 205 25
205 81 2
81 69 63
69 137 29
137 237 54
237 162 63
162 57 48
57 35 16
35 296 26
296 114 4
114 302 14
302 101 40
101 127 54
127 221 46
221 214 30
214 264 52
264 171 15
171 104 12
104 5 23
5 87 54
87 125 33
125 381 26
381 22 34
22 73 67
73 61 1
61 333 6
333 348 56
348 132 57
132 314 69
314 30 51
30 71 45
71 257 2
257 195 32
195 386 46
386 110 41
110 164 63
164 155 21
155 85 69
85 131 1
131 4 49
4 54 55
54 204 66
204 44 44
44 253 30
253 153 10
153 123 61
123 144 6
144 166 23
166 56 50
56 321 69
321 328 20
328 67 33
67 309 10
309 176 30
176 122 66
122 135 36
135 306 36
306 350 56
350 158 23
158 220 23
220 236 12
236 290 18
290 102 22
102 17 18
17 181 21
181 218 56
218 31 62
31 78 64
78 282 40
282 91 2
91 146 21
146 361 17
361 395 36
395 119 51
119 319 10
319 248 3
248 187 15
187 367 24
367 263 55
263 149 44
149 368 31
368 115 0
115 183 19
183 9 25
9 385 13
385 161 27
161 355 23
355 193 7
193 230 38
230 339 32
339 373 41
373 99 14
99 157 31
157 245 17
245 64 0
64 120 66
120 134 42
134 37 46
37 244 8
244 340 65
340 216 52
216 301 2
301 396 47
396 141 30
141 19 14
19 241 26
241 212 29
212 312 4
312 24 49
24 108 66
108 94 54
94 201 46
201 281 69
281 280 65
280 59 13
59 98 34
98 366 45
366 252 23
252 124 47
124 105 42
105 376 34
376 194 34
194 130 36
130 303 8
303 154 56
154 307 34
307 1 66
1 47 8
47 228 1
228 330 53
330 310 30
310 391 34
391 112 54
112 295 3
295 42 19
42 160 18
160 45 11
45 250 23
250 65 22
65 207 59
207 32 68
32 315 43
315 272 23
272 347 52
347 370 44
370 275 13
275 26 48
26 70 25
70 279 67
279 242 1
242 197 32
197 88 56
88 254 42
254 325 39
325 332 65
332 358 13
358 82 4
82 18 22
18 334 15
334 349 28
349 169 67
169 393 25
393 86 41
86 285 53
285 293 55
293 3 33
3 397 22
397 90 19
90 311 54
311 151 40
151 398 15
398 265 19
265 227 30
227 384 60
384 128 23
128 341 34
341 168 41
168 246 69
246 211 68
211 39 63
39 95 47
95 394 6
394 278 24
278 199 1
199 89 10
89 274 15
274 198 48
198 343 39
343 60 21
60 266 4
266 62 26
62 232 8
232 226 20
226 184 36
184 117 44
117 7 6
7 235 2
235 143 38
143 126 64
126 363 69
363 29 53
29 219 1
219 259 18
259 72 9
72 93 65
93 375 13
375 223 37
223 360 16
360 292 22
292 77 13
77 251 6
251 260 26
260 356 50
356 289 23
289 234 2
234 152 15
152 229 15
229 392 70
392 75 60
75 291 13
291 262 4
262 273 32
273 53 54
53 344 21
344 21 51
21 383 10
383 109 8
109 210 28
210 284 53
284 68 51
68 203 49
203 14 20
14 231 56
231 308 47
308 208 23
208 159 62
159 174 32
174 145 18
145 33 35
33 180 7
180 224 17
224 142 23
142 369 61
369 150 21
150 178 32
178 170 61
170 378 51
378 76 4
76 320 62
320 217 54
217 380 59
380 288 24
288 63 38
63 261 24
261 175 28
175 299 52
299 20 57
20 27 1
27 322 32
322 188 26
188 139 4
139 40 44
40 300 38
300 209 61
209 66 42
66 389 40
389 271 30
271 34 62
34 337 59
337 83 19
83 277 44
277 225 64
225 147 49
147 118 11
118 323 52
323 305 36
305 200 28
200 8 53
8 15 6
15 136 25
136 79 27
79 163 44
163 96 60
96 12 68
12 10 49
10 48 60
48 156 41
156 103 60
103 338 51
338 6 47
6 304 42
304 11 34
11 233 44
233 353 8
353 327 41
327 329 30
329 247 66
247 133 50
133 140 70
140 342 31
342 249 70
249 51 43
51 400 62
400 238 12
238 294 63
294 377 0
377 206 39
206 352 18
352 191 13
104 295 62
218 400 20
216 341 44
110 122 59
222 391 37
94 169 44
219 394 41
34 233 27
61 387 13
163 299 12
8 86 11
119 331 51
148 337 3
131 263 55
37 122 12
57 139 55
162 367 42
29 271 70
157 328 63
135 270 30
271 362 54
106 388 4
21 133 6
58 366 0
39 111 50
190 306 12
21 313 37
176 384 68
170 349 29
10 44 26
56 289 13
158 214 9
382 399 3
21 148 14
148 283 70
156 213 70
22 191 53
250 292 60
22 303 29
279 397 14
124 276 15
59 242 21
119 351 32
89 297 57
197 282 61
288 325 19
188 374 17
131 256 46
99 160 60
18 175 44
100 353 44
232 260 69
11 67 0
198 242 2
1 220 61
89 126 66
84 321 62
184 224 41
37 61 56
243 280 32
85 209 48
48 173 36
195 355 40
48 295 57
43 268 67
73 168 33
30 156 23
30 74 59
76 260 43
133 179 12
111 178 33
326 378 20
143 305 45
112 121 60
296 309 1
121 206 0
119 350 16
138 241 14
136 368 22
19 63 47
158 295 48
261 307 59
266 273 32
143 394 57
12 37 17
32 368 27
177 271 29
62 360 45
172 204 19
283 360 58
208 377 48
221 253 43
35 69 24
41 179 52
89 254 30
23 352 63
38 256 6
106 392 18
181 212 59
66 87 53
87 126 24
345 361 48
92 316 55
297 370 55
271 278 58
9 300 3
301 379 43
13 178 28
196 386 70
195 277 39
110 304 62
104 150 34
246 348 69
237 333 34
94 171 69
142 283 32
133 181 8
66 334 61
247 323 31
106 321 29
5 394 5
156 184 16
108 156 37
174 319 6
51 381 63
185 254 52
37 215 45
234 340 15
109 231 23
54 219 65
180 230 62
60 248 68
197 371 44
209 213 11
12 97 28
213 251 65
233 246 70
233 289 40
43 149 35
134 229 54
40 132 26
59 387 6
104 185 23
77 191 31
137 204 59
72 315 22
55 316 13
351 354 68
218 246 11
220 381 22
180 227 0
49 290 30
34 37 21
109 224 26
128 213 38
105 211 39
194 265 3
23 139 31
4 30 0
107 307 10
31 153 16
154 163 13
146 341 2
166 345 25
204 356 66
244 385 28
44 245 68
200 246 69
205 285 45
31 239 29
163 394 19
213 336 48
276 359 1
162 170 61
44 170 30
53 393 5
65 369 17
203 301 0
127 344 18
256 363 44
169 198 57
1 371 47
223 261 7
111 282 38
147 160 58
291 374 66
59 65 46
47 221 67
172 301 70
27 219 30
57 178 5
47 335 70
251 375 46
19 398 27
75 393 12
189 335 43
77 180 17
12 227 11
160 228 32
78 232 46
18 196 35
178 191 31
77 295 53
96 387 45
267 344 18
130 366 52
95 235 26
131 340 0
159 340 35
31 312 20
73 148 60
212 367 7
357 362 26
29 379 3
158 207 6
6 247 28
183 344 57
93 177 12
94 245 3
14 278 23
3 139 41
157 196 49
323 356 49
175 400 25
90 234 49
78 277 58
109 225 52
262 264 57
89 141 64
289 372 9
42 199 48
131 280 67
58 228 41
121 175 4
138 292 36
188 351 27
182 305 46
303 333 20
256 289 52
68 321 64
26 363 43
145 188 64
136 255 13
204 316 20
107 287 50
34 169 56
271 307 30
278 292 51
188 297 2
306 386 62
53 77 59
204 232 10
110 330 67
104 267 36
90 105 16
17 128 70
327 333 56
255 278 61
4 127 53
73 166 53
186 243 38
46 344 3
247 365 52
86 165 66
20 85 70
236 248 44
178 197 53
33 183 19
129 164 10
173 390 66
353 397 29
262 367 9
20 62 56
138 305 50
73 356 25
36 164 48
169 192 64
98 289 49
111 175 5
62 248 7
231 356 33
156 367 41
203 260 30
232 333 22
6 175 67
73 292 57
170 198 29
276 374 1
136 187 42
247 258 65
139 398 11
171 294 53
177 270 43
163 206 62
171 185 2
63 187 23
204 337 54
31 39 20
183 326 45
166 373 36
239 374 48
82 133 54
339 344 8
59 95 69
234 320 21
3 288 46
82 125 35
121 226 31
296 353 41
29 35 41
119 220 43
213 347 55
145 390 41
65 170 35
88 344 33
138 217 48
111 115 60
114 361 55
202 377 29
281 391 35
149 355 50
67 209 55
10 43 50
93 101 48
181 346 34
43 95 44
228 254 13
62 312 64
7 211 8
107 333 47
260 274 61
21 389 36
112 289 5
38 152 44
233 400 18
313 374 38
40 226 21
46 228 1
182 292 31
36 204 27
67 292 43
131 338 26
58 110 31
96 192 27
109 189 70
224 377 22
210 232 58
37 334 26
110 274 16
5 134 20
46 225 48
137 158 27
64 158 8
69 98 40
102 308 34
92 98 21
1 214 46
289 364 55
226 245 18
32 193 48
361 364 31
344 386 24
173 361 65
170 267 62
152 305 17
14 282 27
187 342 9
66 137 41
103 255 51
65 118 31
157 342 69
230 386 54
26 325 50
20 111 3
101 220 15
73 127 8
108 249 36
216 311 50
160 314 20
59 293 42
108 237 65
213 381 11
6 154 52
172 281 30
143 196 29
18 161 8
233 350 26
340 397 60
58 221 34
343 377 28
171 206 19
87 229 2
179 218 45
214 288 3
176 328 14
198 337 10
147 321 22
56 285 49
228 274 50
210 255 21
361 399 48
277 278 0
162 214 37
4 367 56
78 239 12
165 294 20
74 290 8
118 137 49
3 395 26
348 383 46
26 191 61
24 360 51
43 44 50
87 140 16
70 355 53
122 237 9
105 287 22
113 121 63
180 192 58
261 339 68
69 314 57
94 256 43
127 177 14
145 245 15
14 209 61
50 217 7
119 264 17
300 396 4
26 30 64
37 341 31
17 178 37
115 310 43
52 212 9
235 399 1
212 308 19
87 283 38
232 378 15
100 216 4
8 210 7
171 191 6
31 61 42
61 86 51
110 317 49
215 295 29
106 195 54
17 344 32
41 381 66
176 398 35
26 313 30
137 308 57
149 354 0
158 317 18
157 259 29
47 305 58
63 372 11
324 343 40
11 28 25
126 364 21
13 315 23
275 284 35
17 194 29
30 323 52
57 136 11
121 219 10
295 364 49
286 294 49
164 251 21
89 367 37
141 376 12
186 311 25
148 256 63
277 291 66
16 390 48
114 288 27
57 143 19
192 327 12
79 162 21
109 129 61
301 328 5
212 283 14
111 231 44
63 178 28
3 194 64
123 251 25
77 216 40
151 359 42
98 206 60
162 223 3
208 251 38
172 257 2
193 227 1
7 67 13
264 382 52
145 350 45
117 280 67
12 375 49
228 301 2
45 304 4
97 355 49
85 132 9
77 323 66
206 335 44
75 294 17
130 186 58
13 207 58
208 230 60
106 125 53
141 355 35
333 347 34
4 336 61
167 211 31
86 326 36
38 112 38
244 343 25
210 373 8
236 379 46
172 209 3
242 373 1
245 380 15
15 307 35
125 196 16
142 155 31
304 350 51
80 213 24
67 262 64
61 243 36
178 357 8
211 231 60
49 353 51
182 282 66
209 226 25
93 114 35
142 261 2
69 297 57
98 260 14
11 25 48
99 300 54
31 122 49
263 282 19
197 237 17
50 230 70
164 252 55
121 277 33
255 335 58
33 186 12
33 195 57
115 337 21
48 370 60
36 314 2
183 389 63
53 319 56
306 338 50
236 240 29
162 221 19
104 191 63
104 114 42
24 111 21
87 139 58
201 326 69
146 196 15
18 41 62
196 208 54
25 81 4
79 316 7
308 375 42
222 378 45
97 390 34
36 119 55
228 234 16
8 129 33
87 328 59
159 377 26
108 151 25
86 356 16
229 334 59
179 283 29
127 188 33
83 354 50
268 340 60
63 118 64
156 271 65
79 361 21
352 367 44
234 333 31
173 269 18
12 102 45
5 192 56
167 253 3
9 133 28
43 115 68
226 231 56
120 145 20
116 378 46
316 384 40
58 342 28
32 389 50
289 310 39
307 343 2
215 247 52
104 154 68
125 203 11
101 158 63
253 279 15
125 136 1
122 286 31
314 330 69
221 305 70
98 208 19
168 394 27
75 114 8
122 261 2
312 381 0
95 276 1
64 333 23
124 270 48
50 265 46
336 369 35
78 317 29
191 226 62
146 262 40
67 157 6
89 156 29
98 399 15
45 251 42
223 297 42
7 177 30
196 275 10
151 293 55
216 243 19
186 290 19
20 30 57
126 392 22
66 316 62
217 237 5
112 306 21
2 74 16
143 199 26
111 132 3
12 353 33
198 234 26
153 272 30
215 217 70
194 372 41
24 71 1
144 358 31
53 359 46
92 301 36
90 272 26
42 249 65
18 156 31
30 296 62
116 211 37
152 341 50
214 259 13
180 283 62
42 157 12
112 210 61
37 65 66
146 210 49
26 108 32
34 264 7
282 321 0
231 393 10
116 384 56
71 160 0
4 200 41
149 151 53
83 395 31
129 394 32
63 130 65
207 276 67
54 244 9
113 211 20
202 227 6
74 318 66
129 365 18
4 12 65
202 217 2
262 339 26
147 221 0
317 346 45
154 259 17
143 284 19
283 388 28
180 203 69
57 216 68
143 246 4
176 287 28
152 357 61
22 235 30
86 194 3
148 334 64
32 105 3
63 373 24
342 357 17
54 273 48
12 358 22
199 307 32
12 80 41
143 282 47
159 181 57
281 347 9
207 243 0
32 200 15
115 290 49
122 333 36
146 168 69
53 159 42
161 389 53
23 318 26
31 166 38
266 340 39
360 396 20
201 211 45
154 382 48
322 341 18
26 301 20
202 315 38
64 291 22
233 247 6
9 70 16
54 246 35
354 371 39
11 189 37
103 325 31
194 199 2
108 271 28
92 120 4
355 359 34
82 361 37
26 253 62
102 237 13
207 331 37
236 261 62
71 208 4
109 130 48
329 358 11
205 238 64
39 222 20
301 390 46
304 320 57
32 85 31
180 324 56
57 241 28
299 355 3
152 348 54
122 133 16
38 178 14
47 167 29
287 346 69
164 189 66
69 367 35
37 335 35
197 201 8
116 345 46
123 287 10
20 166 18
7 140 34
282 377 27
160 219 47
108 214 36
18 128 15
11 24 0
257 295 29
182 302 58
57 81 62
2 280 69
102 353 34
33 40 48
9 167 27
199 383 66
137 176 19
255 304 63
131 374 42
120 266 48
98 373 65
139 343 70
90 282 69
34 56 42
93 151 7
229 250 8
133 246 15
58 95 25
222 263 42
323 386 52
269 400 63
187 214 48
155 271 28
173 243 43
6 275 25
392 393 33
238 241 11
77 169 3
6 358 57
21 398 27
254 264 69
44 241 58
152 324 36
249 300 62
117 278 34
293 395 22
45 172 20
51 241 69
87 156 42
39 202 67
62 264 0
115 118 60
120 328 55
114 243 14
43 274 10
37 63 70
278 323 36
176 347 39
139 194 8
218 232 16
120 151 64
21 371 44
226 273 47
386 399 27
239 314 61
15 327 56
51 245 15
4 147 27
93 343 55
47 339 24
123 380 57
191 355 59
2 221 27
10 151 24
42 187 2
323 397 17
163 327 51
43 292 14
142 165 25
359 390 48
263 361 49
97 201 53
67 110 20
53 362 19
18 364 27
203 285 1
211 379 69
126 370 64
8 384 26
65 74 58
43 106 66
211 289 58
24 130 26
90 106 51
161 170 26
221 394 15
185 258 1
50 136 1
50 68 48
182 210 26
89 130 17
228 282 28
250 314 34
326 336 23
113 255 28
10 143 69
78 212 55
63 70 60
91 343 66
110 397 66
14 288 39
176 237 52
154 306 5
16 193 13
91 163 25
154 207 54
17 234 50
32 274 51
1 103 49
15 390 22
30 142 63
29 277 32
379 393 57
257 330 21
356 362 22
82 393 70
22 292 46
50 178 46
89 179 54
258 285 29
370 379 19
225 392 41
1 387 49
17 41 14
113 338 11
211 310 52
78 355 16
292 355 30
92 383 45
79 87 46
251 301 41
90 365 55
55 118 35
78 248 37
49 270 47
69 134 61
179 204 5
244 389 26
161 186 15
355 388 15
84 387 17
19 292 1
241 264 47
11 227 18
3 307 69
115 180 23
167 216 31
73 111 6
11 325 11
161 226 43
57 336 35
208 247 35
284 349 67
303 322 24
194 380 11
10 364 22
51 157 67
151 266 49
237 388 51
4 102 25
303 395 59
68 291 51
31 198 43
277 344 38
256 285 0
63 213 34
127 312 70
316 373 61
37 291 65
289 312 30
244 356 54
274 384 29
37 323 26
110 207 54
142 393 5
44 351 4
293 306 1
213 241 43
18 382 7
98 160 43
233 352 15
31 251 28
311 376 18
19 34 59
152 275 24
194 296 68
43 125 19
18 140 31
89 288 29
141 167 61
84 190 12
143 178 60
128 233 25
296 384 45
149 345 16
267 297 27
300 365 50
98 324 7
44 84 35
379 392 38
205 374 28
47 352 9
58 100 24
120 259 18
293 378 7
180 370 51
79 152 35
34 315 23
108 254 25
124 156 37
198 237 68
164 198 42
360 363 25
53 142 21
11 160 23
66 366 38
81 215 16
127 203 45
108 390 21
166 327 25
52 392 35
63 399 24
78 344 4
245 259 15
133 201 67
204 328 41
255 321 39
248 381 21
64 197 67
234 369 28
31 189 64
23 372 21
28 99 33
133 360 42
176 177 10
3 213 65
36 343 38
104 156 42
116 274 56
298 325 6
343 346 54
223 309 14
332 381 64
46 382 32
252 346 27
15 65 41
12 59 4
31 132 58
266 357 22
16 200 14
59 315 22
156 314 26
85 147 47
290 298 62
97 109 68
240 271 43
49 244 32
108 224 17
343 366 39
248 327 23
43 355 68
118 216 48
68 327 23
202 239 36
192 328 34
5 277 6
220 373 20
124 193 53
93 384 16
255 267 65
67 251 36
145 369 11
277 315 62
189 250 66
123 264 67
41 286 56
71 163 7
6 8 12
286 336 23
272 366 0
90 314 11
46 122 20
19 164 31
296 331 10
116 395 17
176 288 12
189 365 60
167 175 25
249 274 13
53 285 70
31 145 7
98 318 47
152 352 31
272 365 33
86 191 3
116 229 25
202 264 64
61 233 42
42 78 50
2 127 61
49 60 58
237 372 24
17 235 2
110 129 30
151 356 65
193 309 32
49 126 30
83 320 28
171 198 27
70 298 13
46 354 2
235 389 37
32 260 8
70 346 12
36 317 43
67 245 10
207 258 15
14 52 6
16 71 47
163 331 50
118 395 17
13 236 25
18 250 50
97 155 47
5 398 22
46 224 46
106 394 63
68 295 23
131 156 20
22 59 38
218 323 42
176 293 60
54 312 29
322 397 23
335 383 14
195 254 42
148 195 29
206 238 0
225 390 7
62 156 56
6 176 16
19 159 31
234 293 56
136 242 24
191 365 69
91 327 50
56 154 21
210 251 58
84 146 46
372 388 62
56 126 14
205 377 42
128 182 21
48 366 11
131 207 21
18 75 21
342 386 1
116 392 26
99 183 52
186 279 46
68 163 67
97 144 45
81 222 14
163 385 48
82 287 70
36 234 69
289 390 24
160 274 47
3 5 42
125 319 55
244 260 26
253 254 53
146 276 67
9 246 57
130 131 29
125 208 51
65 217 24
140 400 5
19 155 24
214 305 52
247 328 15
59 325 44
41 366 60
69 250 28
161 294 4
27 313 34
336 398 31
19 261 50
201 297 70
192 320 22
19 334 1
97 314 61
137 367 7
162 395 53
12 133 5
32 192 25
354 400 50
150 346 15
118 134 54
78 150 54
50 259 39
6 121 25
95 376 33
27 214 46
161 222 44
358 386 42
59 372 34
50 244 13
144 371 10
45 191 54
113 378 61
313 325 35
155 352 5
164 314 46
170 307 46
57 145 40
95 236 32
121 212 51
237 356 0
208 232 4
111 156 54
149 214 51
15 89 29
148 249 59
21 187 66
7 307 9
167 187 64
74 174 55
23 132 2
202 280 9
112 194 69
68 103 57
212 331 54
390 392 32
282 376 1
8 28 2
23 97 42
291 293 53
25 68 66
36 201 37
290 385 61
99 373 22
266 391 46
115 208 29
152 301 54
162 179 5
138 261 7
30 41 30
124 306 44
182 339 15
142 395 41
248 314 42
212 333 39
184 284 35
59 218 68
338 393 70
302 352 10
64 249 35
16 60 69
65 214 63
87 392 39
82 209 68
44 361 25
227 341 70
21 93 26
310 336 31
113 311 2
53 141 66
36 182 49
107 335 6
2 119 26
32 300 4
70 246 48
73 219 56
179 392 8
377 383 10
95 302 8
36 69 53
50 247 59
343 387 21
267 397 46
287 311 42
208 322 11
246 369 1
18 280 37
136 217 3
81 241 42
270 315 22
56 182 12
264 270 31
146 226 27
168 284 44
129 227 19
228 241 42
205 395 15
26 120 68
90 349 22
119 305 33
48 247 48
46 158 69
5 33 20
10 27 26
254 376 46
203 236 47
99 382 58
105 332 28
284 288 63
19 104 61
237 319 2
218 388 9
234 250 5
32 392 10
78 400 41
48 150 39
334 360 10
67 206 59
192 205 19
379 394 22
162 279 40
110 218 21
57 226 7
144 225 58
68 152 20
151 231 2
121 242 34
246 317 8
236 288 35
52 269 51
210 281 18
195 304 30
87 258 32
33 385 66
85 262 12
102 251 63
114 211 65
235 343 60
330 359 15
289 353 70
306 336 4
72 326 32
315 359 11
1 383 12
65 267 26
36 115 55
149 361 19
355 389 14
29 259 40
185 347 22
164 209 1
39 47 46
349 371 36
211 355 13
164 221 2
161 290 9
199 258 62
44 144 57
134 180 18
228 258 69
20 227 62
189 294 15
81 231 43
58 76 11
98 286 64
196 344 7
32 249 52
179 271 22
92 233 10
62 400 36
57 338 38
35 277 54
68 310 19
133 265 64
89 302 54
24 308 62
89 146 52
48 98 17
205 207 60
60 115 34
68 347 44
93 340 70
90 225 53
68 245 10
227 395 67
1 25 65
27 218 8
94 300 30
213 356 15
173 274 10
84 240 68
127 326 41
109 296 11
89 374 44
13 309 48
3 198 32
167 195 51
97 284 51
56 216 55
343 360 67
55 366 49
251 263 54
372 390 52
287 306 29
27 126 22
272 326 13
203 265 65
47 138 52
94 160 13
150 351 22
101 126 44
62 252 19
202 274 34
324 355 61
115 331 59
234 375 30
90 228 39
105 283 42
108 250 44
135 242 1
54 87 43
57 259 9
100 196 38
163 182 53
96 335 64
79 262 15
67 398 55
34 307 2
53 394 11
366 397 19
287 305 42
74 246 51
129 203 4
82 313 53
24 294 8
205 228 21
77 121 53
247 329 65
83 155 51
131 302 33
113 155 20
356 393 0
240 396 56
99 383 66
191 248 52
88 225 51
113 145 15
305 349 60
108 284 3
86 306 42
132 248 7
120 135 47
228 298 43
111 265 49
17 104 18
216 258 0
278 381 12
181 267 41
152 245 15
100 283 36
22 164 67
65 304 9
182 386 54
94 183 16
74 162 29
33 254 41
108 325 68
207 322 12
115 134 60
112 240 53
47 150 59
12 348 4
259 340 34
56 373 55
45 230 0
130 291 35
207 293 7
172 195 32
116 226 61
318 345 26
201 269 67
64 116 59
133 220 47
212 392 63
223 310 15
127 330 29
131 253 22
171 389 58
62 148 52
245 349 0
3 342 34
169 395 2
196 224 59
158 246 54
122 312 18
206 390 21
242 309 26
177 399 28
116 235 0
27 382 14
248 388 28
44 165 23
60 381 66
247 250 54
47 333 21
122 146 21
118 367 58
286 387 21
11 324 70
93 282 46
1 57 15
2 320 45
141 152 57
215 399 10
279 364 8
117 351 3
130 169 70
103 200 62
111 262 2
115 272 8
124 361 27
163 188 51
190 283 36
226 372 61
34 330 35
301 361 38
21 375 61
127 295 13
173 263 30
82 118 44
229 330 63
201 259 31
94 377 68
36 271 36
25 230 44
329 344 65
152 228 59
59 267 19
53 278 42
211 372 23
273 320 2
99 238 0
337 375 65
29 324 59
41 213 4
127 327 35
202 278 47
12 85 59
42 44 55
11 173 69
206 337 33
18 268 47
172 236 36
272 282 30
51 349 70
331 399 35
56 168 10
163 214 11
19 32 4
297 381 69
39 60 55
41 112 54
183 191 63
55 334 31
200 283 18
130 216 22
340 366 70
335 373 45
61 184 32
69 349 26
79 306 41
20 301 56
233 319 0
38 109 17
216 384 3
28 124 33
229 284 22
32 137 11
37 370 0
125 200 18
144 183 27
320 361 65
191 356 41
147 343 57
83 371 35
30 327 9
363 387 43
267 364 14
190 388 18
6 106 53
213 313 43
101 190 22
2 285 37
197 216 23
115 293 19
36 214 22
21 372 57
260 300 11
93 277 53
278 356 59
137 252 34
360 398 36
238 280 64
231 255 64
142 368 51
24 222 61
34 101 10
173 193 57
223 292 31
243 311 13
56 269 42
104 195 30
83 392 17
148 169 70
1 195 7
28 399 1
60 169 40
82 161 5
117 181 63
168 189 50
222 400 41
52 59 44
33 326 14
219 280 64
34 47 1
47 106 13
14 126 55
59 96 59
266 356 36
15 269 37
113 308 65
343 394 33
210 297 52
238 355 63
98 375 9
206 340 59
5 191 1
100 234 38
151 250 18
211 271 13
22 32 16
210 346 21
91 346 57
5 154 58
71 145 51
1 317 62
46 220 23
245 295 30
30 35 23
4 207 68
261 397 6
302 346 21
54 97 38
169 183 35
384 399 26
297 324 7
118 157 32
7 323 49
372 382 36
253 321 64
86 152 8
327 351 15
53 263 22
197 212 13
29 335 64
321 400 64
350 400 25
77 330 66
42 298 2
233 239 56
110 231 41
159 237 38
104 178 26
268 271 11
99 284 24
238 272 35
115 166 38
140 375 53
134 338 51
71 291 56
60 179 34
25 187 33
239 387 35
43 94 12
239 294 30
22 35 43
103 217 25
25 204 39
47 72 68
12 39 54
274 318 37
25 201 56
20 239 63
69 338 35
13 143 40
140 377 31
104 229 55
161 320 33
134 183 46
27 318 38
106 375 1
270 282 49
43 315 17
20 256 1
72 399 51
208 234 49
93 154 59
223 268 21
119 157 1
276 318 62
181 251 5
53 385 11
278 340 18
140 328 65
219 391 69
24 211 26
295 369 13
18 331 57
60 215 54
162 254 41
106 275 54
4 165 59
193 398 38
191 252 66
42 324 37
207 374 68
113 399 47
219 288 36
23 287 25
58 352 7
29 315 37
169 193 56
348 396 21
4 195 11
248 325 59
280 367 15
100 214 58
300 373 39
200 378 25
84 294 44
186 336 34
386 394 9
251 393 18
307 385 40
83 97 64
3 175 10
37 199 15
78 215 25
134 356 42
330 367 10
158 387 58
164 369 30
288 328 36
217 351 29
30 168 66
130 299 23
158 221 8
197 266 35
98 125 38
227 250 50
41 184 49
266 282 19
6 56 17
120 339 40
61 173 31
61 179 42
71 228 19
13 380 54
348 373 30
150 377 49
160 270 35
207 302 35
216 325 33
83 241 51
148 293 14
209 263 3
202 381 20
26 281 35
60 304 27
91 383 46
26 140 58
317 400 15
260 354 24
186 225 5
49 167 47
210 285 18
131 309 65
57 240 60
121 124 1
356 372 29
12 355 18
42 153 3
28 201 22
117 258 61
75 101 4
5 152 60
297 333 32
333 384 70
184 356 18
58 324 16
326 334 28
235 265 57
261 389 38
120 356 21
273 359 8
61 207 29
44 218 39
118 246 6
109 309 35
106 376 42
29 67 51
64 94 22
264 389 61
218 296 9
370 393 9
23 121 28
137 363 30
76 365 5
131 260 21
39 310 0
32 188 45
235 278 49
360 365 34
95 385 30
277 339 62
133 221 42
51 107 51
262 296 4
305 339 31
44 395 43
114 276 64
115 395 68
26 80 32
27 295 59
57 266 11
187 294 52
181 359 35
90 141 60
103 397 7
173 386 6
147 272 48
255 339 30
5 233 31
368 381 69
352 364 51
179 289 6
86 206 27
60 277 68
41 285 61
46 216 53
48 330 31
8 48 27
108 167 49
194 349 29
198 284 1
261 262 5
64 375 68
159 211 23
200 228 29
187 274 63
216 279 48
33 139 19
206 214 55
113 344 62
157 163 8
145 359 12
84 87 11
115 199 49
293 310 30
133 288 60
91 202 27
130 192 57
217 352 69
145 379 45
257 391 11
102 241 67
136 272 43
109 242 2
272 393 4
266 286 61
82 353 54
101 210 31
26 143 10
253 364 67
16 154 48
151 208 3
254 303 70
110 276 67
113 379 55
10 374 32
28 51 42
120 123 29
44 279 46
12 82 24
56 347 16
97 239 5
11 314 32
124 307 61
1 91 43
344 395 3
178 319 63
250 312 46
97 372 32
121 332 62
18 385 61
103 151 2
90 337 54
56 129 20
129 332 43
206 304 1
45 278 8
25 85 47
217 284 52
310 372 20
49 83 65
186 334 33
182 304 60
2 215 6
169 287 0
15 356 36
153 244 26
65 331 1
3 351 55
5 71 2
51 279 12
19 114 63
276 279 39
200 374 69
123 125 70
53 91 68
83 268 56
92 210 35
17 24 59
307 336 28
212 214 9
71 78 53
17 333 9
35 244 0
142 394 60
102 315 44
172 369 3
276 323 37
87 279 48
18 232 68
313 373 51
25 210 53
170 381 6
30 176 9
85 151 55
50 294 40
220 247 57
138 325 8
225 268 58
300 399 23
1 66 46
87 358 47
110 333 63
53 328 24
24 105 58
32 109 41
162 194 51
212 270 56
163 219 19
221 344 62
133 281 51
265 292 5
89 151 69
31 154 49
128 300 3
291 315 49
244 302 1
16 46 68
321 399 0
289 377 64
24 277 70
137 291 62
51 129 54
193 374 15
168 304 1
261 344 57
199 240 37
25 96 50
307 338 32
204 381 61
265 391 0
181 262 10
162 286 19
26 248 46
216 237 24
115 296 56
186 347 27
175 224 47
92 367 5
189 245 6
223 266 6
209 272 59
47 80 33
120 240 8
96 380 63
203 364 9
21 396 6
309 364 12
114 366 22
339 359 25
81 257 8
189 344 60
181 190 32
10 168 29
59 385 24
297 387 41
110 391 23
134 173 5
295 307 60
280 339 6
200 306 44
42 105 27
117 299 11
198 229 45
109 172 38
138 336 47
346 365 64
319 339 25
161 351 40
127 350 24
135 172 56
12 338 5
89 268 8
259 382 22
247 347 10
100 172 12
3 78 37
111 147 17
128 376 66
6 224 15
142 190 7
57 354 51
154 273 57
77 250 13
43 357 8
383 389 37
102 333 45
208 390 10
239 354 54
117 372 41
332 371 7
97 230 35
44 55 62
45 258 8
150 277 19
131 173 19
82 166 36
154 272 21
160 189 58
126 187 54
94 213 19
60 153 11
75 105 24
148 157 38
9 307 66
79 235 46
232 321 65
67 286 20
114 124 35
123 175 29
333 359 20
46 105 69
75 289 26
164 301 59
265 347 63
91 129 22
9 81 49
35 215 49
144 325 11
1 70 3
165 274 10
168 211 16
191 216 64
152 371 11
358 391 28
116 397 69
176 400 11
16 191 61
158 175 39
55 388 15
58 75 31
213 386 31
109 395 12
256 316 16
186 259 13
100 289 27
77 193 2
112 222 57
314 348 44
385 391 59
3 231 4
330 346 21
6 240 28
116 398 44
292 317 20
85 328 30
161 165 32
158 215 45
167 193 53
158 268 4
113 296 13
350 372 16
219 266 64
298 373 69
108 137 7
2 354 14
14 292 36
95 391 9
203 300 25
296 302 1
83 329 1
54 81 0
96 147 52
53 343 3
2 87 58
158 206 9
138 330 43
155 296 49
158 316 52
32 73 20
129 352 41
47 346 70
118 242 69
5 138 64
104 330 37
241 308 25
42 299 63
26 58 14
158 361 34
169 255 61
181 315 62
194 328 38
41 126 38
238 310 2
