2000 8 3500 4000
58
358
1639
264
426
568
1242
476
476 426 39
426 58 59
58 1242 42
1242 1639 78
1639 568 57
568 264 87
264 358 72
358 933 58
933 1292 88
1292 1815 54
1815 777 99
777 883 6
883 1512 42
1512 1212 21
1212 895 78
895 1193 76
1193 443 30
443 1383 53
1383 1725 90
1725 110 61
110 1462 23
1462 234 12
234 530 12
530 1865 32
1865 97 8
97 1446 21
1446 363 74
363 1374 59
1374 433 62
433 1290 33
1290 278 84
278 1400 85
1400 1004 58
1004 1347 40
1347 347 53
347 914 92
914 875 32
875 1397 75
1397 225 37
225 1552 38
1552 1998 62
1998 80 71
80 182 85
182 1689 35
1689 1924 88
1924 133 0
133 1574 90
1574 1024 29
1024 247 37
247 146 71
146 1801 29
1801 99 36
99 1860 36
1860 675 20
675 1431 25
1431 949 35
949 217 47
217 1595 21
1595 996 80
996 1331 100
1331 1481 30
1481 721 62
721 1101 57
1101 138 74
138 360 21
360 1432 65
1432 1118 50
1118 1539 76
1539 1433 69
1433 837 6
837 948 16
948 1278 17
1278 531 53
531 547 81
547 1012 72
1012 986 13
986 1411 79
1411 811 21
811 404 47
404 19 13
19 227 81
227 826 34
826 256 53
256 1927 3
1927 1575 2
1575 726 25
726 1182 73
1182 1802 56
1802 1857 57
1857 1458 23
1458 916 69
916 670 30
670 1706 94
1706 1346 12
1346 226 44
226 978 20
978 711 10
711 818 87
818 310 19
310 470 0
470 1942 17
1942 1782 21
1782 958 62
958 1720 15
1720 1443 23
1443 1018 98
1018 608 40
608 733 46
733 56 85
56 1640 46
1640 635 40
635 951 12
951 751 4
751 1110 18
1110 1687 14
1687 1260 0
1260 786 92
786 387 36
387 1296 95
1296 528 14
528 512 69
512 1274 36
1274 747 43
747 1419 7
1419 1931 85
1931 335 62
335 661 60
661 859 18
859 764 53
764 1222 54
1222 362 68
362 1780 79
1780 1612 22
1612 887 52
887 924 18
924 874 89
874 1771 7
1771 340 45
340 1796 100
1796 606 39
606 1573 19
1573 1150 39
1150 1040 75
1040 585 24
585 1540 83
1540 253 88
253 1978 7
1978 615 75
615 25 12
25 696 66
696 119 54
119 1391 12
1391 298 34
298 862 89
862 973 32
973 630 85
630 1235 29
1235 1163 81
1163 13 97
13 820 29
820 480 0
480 550 34
550 1930 18
1930 114 6
114 1544 25
1544 921 18
921 1381 13
1381 834 4
834 494 14
494 206 68
206 1141 17
1141 1773 35
1773 959 27
959 63 92
63 251 61
251 989 17
989 207 48
207 108 33
108 1955 88
1955 965 64
965 414 92
414 84 6
84 847 41
847 252 10
252 858 10
858 952 21
952 1794 55
1794 1699 83
1699 1644 1
1644 1167 90
1167 1493 85
1493 1894 20
1894 672 34
672 1736 50
1736 617 92
617 1597 86
1597 909 70
909 273 21
273 1583 84
1583 1966 94
1966 1564 85
1564 1903 35
1903 1393 48
1393 1360 80
1360 1445 9
1445 300 89
300 1151 24
1151 243 61
243 664 27
664 920 32
920 558 49
558 730 99
730 203 71
203 64 96
64 1851 15
1851 492 45
492 33 24
33 1463 77
1463 1376 39
1376 475 24
475 10 69
10 1006 1
1006 888 9
888 508 22
508 765 46
765 1349 71
1349 344 3
344 1273 100
1273 995 7
995 896 65
896 694 31
694 527 29
527 1925 87
1925 425 97
425 1044 33
1044 1671 12
1671 1853 43
1853 1546 73
1546 605 39
605 1335 4
1335 266 34
266 258 64
258 431 21
431 807 15
807 960 72
960 1327 62
1327 731 94
731 1328 71
1328 548 15
548 357 95
357 676 10
676 277 19
277 373 80
373 1396 76
1396 557 10
557 198 99
198 1605 56
1605 842 64
842 758 84
758 1486 69
1486 1398 7
1398 324 56
324 1847 83
1847 1707 21
1707 1571 12
1571 595 5
595 1058 29
1058 1447 65
1447 1805 41
1805 1191 24
1191 1618 22
1618 792 85
792 82 65
82 1536 12
1536 1312 92
1312 32 28
32 1518 16
1518 50 82
50 223 64
223 705 11
705 1874 18
1874 827 9
827 1976 62
1976 714 90
714 350 34
350 1900 11
1900 1756 76
1756 1217 81
1217 1861 10
1861 533 78
533 377 12
377 1206 67
1206 497 64
497 287 65
287 1283 33
1283 1185 18
1185 1795 47
1795 723 78
723 666 58
666 660 24
660 1811 69
1811 1306 68
1306 242 23
242 1126 73
1126 438 46
438 943 27
943 1551 10
1551 2 89
2 510 72
510 179 72
179 788 82
788 1737 18
1737 597 23
597 1485 81
1485 1569 51
1569 1977 22
1977 620 85
620 879 43
879 1435 91
1435 210 8
210 371 64
371 987 65
987 1731 1
1731 1287 36
1287 1632 95
1632 891 73
891 1598 69
1598 1354 22
1354 782 45
782 743 49
743 1668 94
1668 1219 37
1219 1627 42
1627 267 6
267 1174 58
1174 305 51
305 514 95
514 718 60
718 96 14
96 1356 80
1356 1871 91
1871 1057 5
1057 1712 37
1712 1459 74
1459 577 28
577 1450 28
1450 130 10
130 1967 24
1967 1075 6
1075 980 86
980 1392 62
1392 1624 75
1624 1181 1
1181 121 67
121 184 96
184 1695 78
1695 636 60
636 590 47
590 997 91
997 1932 72
1932 152 19
152 518 24
518 1908 17
1908 246 20
246 429 64
429 1565 64
1565 1161 14
1161 1747 51
1747 552 43
552 1437 78
1437 906 46
906 1407 0
1407 352 88
352 1697 99
1697 779 6
779 1028 78
1028 376 57
376 1205 88
1205 794 79
794 29 8
29 1203 65
1203 829 22
829 158 20
158 1528 1
1528 1137 25
1137 656 36
656 1945 8
1945 1224 23
1224 1369 41
1369 1345 97
1345 199 47
199 1288 18
1288 1584 17
1584 1714 9
1714 174 67
174 1655 13
1655 727 23
727 686 4
686 846 56
846 754 34
754 773 45
773 61 60
61 1850 83
1850 40 50
40 513 92
513 270 8
270 308 64
308 1902 70
1902 716 53
716 1454 51
1454 1800 37
1800 302 9
302 1127 66
1127 1526 85
1526 725 61
725 1378 23
1378 1971 29
1971 34 88
34 231 17
231 974 39
974 1464 44
1464 762 95
762 1534 54
1534 1241 16
1241 439 27
439 160 66
160 1843 96
1843 1566 40
1566 1935 67
1935 657 3
657 1177 58
1177 303 56
303 102 96
102 194 25
194 658 99
658 516 85
516 1701 1
1701 728 53
728 18 4
18 1002 67
1002 940 93
940 479 76
479 1309 87
1309 538 91
538 1989 70
1989 1414 24
1414 610 40
610 150 52
150 977 97
977 394 66
394 680 30
680 330 32
330 602 97
602 279 74
279 932 86
932 639 11
639 1745 66
1745 1380 86
1380 1530 81
1530 1370 12
1370 471 14
471 176 80
176 1359 42
1359 915 51
915 1957 16
1957 521 77
521 1719 96
1719 1196 92
1196 312 11
312 1132 7
1132 1195 92
1195 1660 88
1660 1718 100
1718 262 53
262 304 93
304 822 1
822 1884 88
1884 897 2
897 415 34
415 386 21
386 1488 8
1488 1128 89
1128 1986 55
1986 1125 64
1125 693 98
693 188 41
188 1186 86
1186 1134 19
1134 853 75
853 1867 34
1867 69 21
69 774 38
774 1355 9
1355 140 65
140 1050 22
1050 396 6
396 1550 74
1550 535 68
535 800 52
800 1227 16
1227 1909 70
1909 1870 72
1870 816 3
816 1778 39
1778 1162 23
1162 1849 44
1849 1332 28
1332 157 69
157 107 75
107 1315 95
1315 937 62
937 1142 23
1142 1100 21
1100 876 83
876 1623 95
1623 1509 11
1509 1568 62
1568 704 92
704 1097 90
1097 1262 86
1262 1538 56
1538 543 46
543 1409 49
1409 1738 56
1738 1353 42
1353 372 83
372 545 95
545 239 77
239 1102 32
1102 1268 98
1268 367 69
367 1813 81
1813 230 33
230 1466 69
1466 551 42
551 1334 17
1334 1521 27
1521 1073 44
1073 549 28
549 1610 50
1610 345 85
345 1603 26
1603 1333 12
1333 1453 23
1453 1702 80
1702 1421 77
1421 1642 99
1642 128 84
128 724 12
724 329 57
329 504 70
504 890 19
890 1613 80
1613 1956 19
1956 564 6
564 637 29
637 1471 63
1471 1079 82
1079 293 40
293 70 99
70 309 83
309 1722 83
1722 954 12
954 840 18
840 501 87
501 127 6
127 1891 46
1891 17 11
17 91 49
91 781 66
781 467 29
467 402 35
402 403 58
403 307 42
307 1071 21
1071 245 75
245 1679 41
1679 966 88
966 328 59
328 1036 84
1036 1934 36
1934 1021 17
1021 78 73
78 803 18
803 580 24
580 1313 58
1313 632 89
632 1272 43
1272 1015 21
1015 523 96
523 44 54
44 1592 74
1592 145 37
145 772 78
772 1017 49
1017 323 18
323 163 85
163 1751 33
1751 1478 55
1478 702 98
702 1793 41
1793 1838 99
1838 1944 93
1944 1052 25
1052 1645 70
1645 1277 27
1277 418 52
418 54 13
54 991 26
991 334 3
334 1237 25
1237 109 5
109 806 87
806 1739 15
1739 117 83
117 1961 60
1961 1812 62
1812 1543 78
1543 1386 64
1386 1905 28
1905 1314 82
1314 1157 4
1157 472 84
472 877 15
877 149 26
149 1713 29
1713 405 56
405 1777 4
1777 1266 70
1266 1209 34
1209 907 83
907 408 51
408 1054 43
1054 1236 72
1236 284 14
284 898 44
898 1772 84
1772 1921 25
1921 1387 25
1387 1483 32
1483 20 22
20 222 55
222 1308 85
1308 92 8
92 560 72
560 652 73
652 315 0
315 825 74
825 1438 53
1438 1907 38
1907 646 74
646 555 74
555 59 61
59 202 78
202 1743 34
1743 1146 78
1146 1168 59
1168 317 24
317 1600 42
1600 339 80
339 1765 81
1765 745 69
745 485 31
485 1339 90
1339 805 71
805 489 90
489 720 26
720 1980 21
1980 1067 9
1067 1164 29
1164 744 76
744 655 32
655 1602 26
1602 180 53
180 1893 79
1893 841 92
841 1854 48
1854 701 26
701 1922 73
1922 1095 11
1095 1280 6
1280 1607 60
1607 1469 26
1469 436 52
436 101 47
101 985 56
985 1199 7
1199 1542 43
1542 375 70
375 129 94
129 1096 29
1096 261 72
261 1390 26
1390 1379 22
1379 1992 30
1992 712 88
712 1117 13
1117 603 51
603 1244 92
1244 1226 1
1226 1037 86
1037 205 99
205 1208 51
1208 1611 66
1611 1558 62
1558 1845 48
1845 1928 37
1928 641 82
641 1434 72
1434 638 1
638 290 71
290 1833 31
1833 785 56
785 584 49
584 1936 31
1936 823 91
823 172 41
172 341 77
341 1145 79
1145 1427 47
1427 11 74
11 1523 35
1523 908 66
908 1106 70
1106 162 74
162 3 53
3 35 86
35 1663 12
1663 1682 70
1682 1728 79
1728 461 56
461 910 94
910 474 54
474 1755 35
1755 918 77
918 881 4
881 1086 37
1086 849 2
849 1506 45
1506 1940 62
1940 659 40
659 1417 89
1417 688 91
688 1053 71
1053 1299 78
1299 52 24
52 1176 17
1176 449 13
449 1455 42
1455 445 70
445 156 71
156 1527 57
1527 1698 39
1698 665 61
665 289 16
289 1403 64
1403 1958 99
1958 88 44
88 1468 17
1468 1439 90
1439 1686 31
1686 455 28
455 759 98
759 760 40
760 1111 76
1111 546 56
546 953 14
953 753 61
753 1291 32
1291 1083 59
1083 1576 38
1576 544 62
544 1043 48
1043 574 67
574 1715 26
1715 177 21
177 930 100
930 1076 14
1076 428 62
428 755 62
755 1258 91
1258 1202 37
1202 8 63
8 459 28
459 1587 51
1587 1087 9
1087 791 80
791 288 56
288 281 75
281 1842 68
1842 1786 93
1786 839 51
839 998 84
998 1416 56
1416 808 65
808 473 52
473 1614 81
1614 1657 69
1657 687 81
687 153 81
153 1238 29
1238 739 67
739 1622 33
1622 240 74
240 1617 61
1617 1233 22
1233 757 13
757 1367 95
1367 748 32
748 857 34
857 269 96
269 945 100
945 1019 75
1019 1769 92
1769 1877 95
1877 23 54
23 168 40
168 1563 92
1563 1032 52
1032 633 64
633 484 84
484 1709 50
1709 1993 21
1993 886 37
886 1601 75
1601 1094 71
1094 1160 24
1160 193 65
193 164 98
164 214 46
214 148 10
148 685 32
685 710 30
710 691 55
691 1775 82
1775 118 69
118 413 61
413 1585 25
1585 1253 51
1253 534 30
534 1122 57
1122 621 15
621 599 34
599 1533 38
1533 490 26
490 1608 47
1608 612 34
612 499 60
499 1985 18
1985 79 86
79 1062 70
1062 197 19
197 894 23
894 1589 99
1589 1636 31
1636 593 76
593 1654 28
1654 1496 44
1496 708 66
708 1681 49
1681 55 17
55 994 39
994 679 100
679 1173 33
1173 1133 12
1133 453 49
453 864 4
864 982 60
982 1003 73
1003 1198 90
1198 187 42
187 889 83
889 1515 94
1515 928 23
928 1179 99
1179 644 74
644 200 84
200 1973 51
1973 1404 23
1404 1560 42
1560 1423 22
1423 126 82
126 1457 53
1457 589 63
589 1221 36
1221 1310 83
1310 1553 71
1553 1009 75
1009 999 7
999 1317 8
1317 1804 99
1804 1337 60
1337 539 68
539 1055 88
1055 410 4
410 756 39
756 988 93
988 1776 83
1776 761 5
761 505 73
505 1915 85
1915 1091 45
1091 1436 77
1436 1965 8
1965 971 63
971 669 97
669 668 32
668 1875 96
1875 1704 21
1704 1703 0
1703 771 54
771 1348 69
1348 136 38
136 1824 41
1824 1941 19
1941 1484 9
1484 722 10
722 353 26
353 1513 88
1513 1916 37
1916 607 2
607 579 44
579 1175 59
1175 368 14
368 1321 46
1321 1599 19
1599 689 75
689 1085 81
1085 1545 89
1545 462 0
462 1983 58
1983 832 57
832 1522 85
1522 1661 32
1661 1271 62
1271 463 80
463 1948 33
1948 1990 1
1990 1165 62
1165 321 46
321 767 31
767 903 72
903 852 11
852 1448 12
1448 752 67
752 1297 2
1297 913 29
913 972 63
972 1790 62
1790 1508 56
1508 1020 28
1020 111 65
111 249 84
249 448 64
448 1001 15
1001 1144 87
1144 962 34
962 167 73
167 815 79
815 1693 69
1693 1836 80
1836 643 19
643 1832 97
1832 1677 30
1677 1143 56
1143 1883 41
1883 1418 0
1418 626 12
626 524 29
524 843 37
843 175 7
175 1863 70
1863 1300 28
1300 1858 35
1858 15 86
15 824 95
824 1426 42
1426 384 42
384 1670 83
1670 454 15
454 1489 26
1489 1078 11
1078 1465 68
1465 141 97
141 703 68
703 690 69
690 1638 6
1638 28 56
28 1635 51
1635 854 63
854 1022 94
1022 65 61
65 1685 67
1685 931 15
931 1672 80
1672 784 59
784 1395 55
1395 1362 70
1362 1798 38
1798 393 86
393 541 36
541 1422 67
1422 1303 82
1303 1410 36
1410 1750 83
1750 1949 15
1949 354 56
354 1281 75
1281 1648 83
1648 964 45
964 1065 60
1065 1384 50
1384 1470 35
1470 1559 14
1559 12 30
12 370 46
370 1497 46
1497 802 85
802 1033 84
1033 1889 99
1889 1742 47
1742 1116 41
1116 1105 1
1105 1688 76
1688 813 58
813 1330 51
1330 423 84
423 313 75
313 1766 74
1766 241 49
241 588 57
588 447 96
447 1098 35
1098 1294 21
1294 1220 83
1220 746 16
746 613 76
613 1245 8
1245 1808 34
1808 1799 54
1799 1247 17
1247 780 43
780 401 11
401 1803 14
1803 509 48
509 189 37
189 1821 0
1821 468 76
468 1829 56
1829 1511 12
1511 1588 45
1588 254 46
254 814 58
814 1156 53
1156 1912 11
1912 1621 66
1621 1059 48
1059 1996 38
1996 294 36
294 503 49
503 464 19
464 1997 83
1997 956 70
956 865 12
865 532 75
532 1171 28
1171 713 43
713 1856 59
1856 90 96
90 1305 83
1305 1730 35
1730 1413 68
1413 1081 65
1081 1302 73
1302 1440 99
1440 228 0
228 734 31
734 1490 62
1490 611 36
611 478 93
478 768 56
768 1982 71
1982 1616 26
1616 244 65
244 1873 25
1873 14 57
14 432 22
432 1779 92
1779 1026 95
1026 619 1
619 830 38
830 1676 59
1676 787 100
787 1341 33
1341 1520 50
1520 166 93
166 374 58
374 1371 50
1371 365 85
365 1130 90
1130 435 74
435 1023 77
1023 904 59
904 1030 19
1030 1920 23
1920 196 16
196 76 63
76 648 3
648 482 57
482 1906 3
1906 21 89
21 1901 32
1901 1651 35
1651 38 87
38 1363 92
1363 213 58
213 1051 22
1051 729 62
729 68 71
68 1807 30
1807 871 87
871 695 34
695 927 58
927 306 12
306 1135 18
1135 1038 17
1038 1557 36
1557 1809 37
1809 576 73
576 682 96
682 283 22
283 498 31
498 1586 43
1586 1420 51
1420 424 23
424 24 23
24 1107 99
1107 776 42
776 291 10
291 1500 47
1500 41 2
41 46 20
46 286 49
286 1061 83
1061 1108 11
1108 144 0
144 1263 2
1263 1279 2
1279 1710 87
1710 1077 88
1077 1042 84
1042 650 5
650 27 1
27 1010 40
1010 1011 100
1011 1987 19
1987 1388 22
1388 380 70
380 673 67
673 796 36
796 1154 41
1154 1899 87
1899 540 86
540 845 52
845 1748 10
1748 31 3
31 1652 58
1652 674 5
674 1914 48
1914 451 19
451 1656 29
1656 1256 34
1256 719 16
719 1705 28
1705 1716 16
1716 1343 44
1343 1275 74
1275 320 86
320 1323 28
1323 1375 70
1375 1351 4
1351 1366 74
1366 1139 83
1139 16 75
16 1170 7
1170 325 51
325 1740 95
1740 1962 3
1962 1243 5
1243 488 58
488 1678 54
1678 769 15
769 105 66
105 1968 85
1968 671 63
671 1950 99
1950 1669 80
1669 1276 23
1276 1494 42
1494 1502 91
1502 715 44
715 1214 20
1214 487 5
487 1828 23
1828 1234 55
1234 343 46
343 383 36
383 171 36
171 1744 87
1744 1577 5
1577 1938 78
1938 1700 35
1700 631 80
631 123 71
123 296 43
296 419 69
419 1840 80
1840 1425 16
1425 106 85
106 437 10
437 248 78
248 1768 65
1768 554 63
554 39 17
39 993 11
993 1820 91
1820 1123 4
1123 649 65
649 1762 15
1762 519 96
519 1113 93
1113 86 91
86 1068 87
1068 299 71
299 1307 81
1307 331 96
331 869 49
869 391 46
391 265 24
265 211 36
211 395 43
395 1008 31
1008 1615 74
1615 1841 70
1841 1031 53
1031 651 12
651 322 46
322 1269 72
1269 120 48
120 583 81
583 1189 7
1189 976 62
976 37 15
37 1753 88
1753 591 27
591 1149 2
1149 1093 92
1093 1089 94
1089 961 37
961 155 13
155 1774 45
1774 609 49
609 1817 100
1817 1066 49
1066 421 37
421 1864 17
1864 1683 42
1683 1969 48
1969 338 32
338 342 17
342 677 34
677 678 19
678 1428 47
1428 1876 3
1876 1230 15
1230 1507 67
1507 493 45
493 537 41
537 1549 12
1549 901 91
901 1999 34
1999 586 63
586 1733 69
1733 49 39
49 1988 94
1988 596 63
596 7 49
7 1570 10
1570 970 88
970 1554 64
1554 1382 2
1382 738 50
738 1099 61
1099 1735 37
1735 1797 45
1797 616 5
616 219 50
219 1472 44
1472 1029 84
1029 1498 73
1498 259 94
259 1911 20
1911 1231 44
1231 1760 49
1760 1952 20
1952 892 95
892 327 11
327 1304 81
1304 1541 39
1541 274 20
274 812 80
812 662 24
662 1295 92
1295 72 85
72 388 75
388 663 72
663 131 53
131 517 34
517 565 27
565 359 6
359 195 39
195 337 60
337 1180 85
1180 192 45
192 1770 0
1770 1048 63
1048 143 41
143 292 22
292 427 59
427 698 98
698 1482 100
1482 1250 34
1250 1810 82
1810 77 43
77 1014 100
1014 1708 9
1708 975 35
975 1898 52
1898 366 23
366 1886 3
1886 1525 37
1525 94 37
94 398 46
398 1298 57
1298 452 82
452 132 15
132 311 94
311 263 88
263 1625 55
1625 57 62
57 1293 63
1293 351 65
351 1325 0
1325 1460 93
1460 1301 0
1301 855 64
855 85 17
85 905 57
905 495 45
495 1415 84
1415 255 84
255 191 28
191 810 62
810 381 72
381 793 4
793 1261 95
1261 53 24
53 1691 87
1691 1690 15
1690 450 88
450 417 41
417 556 31
556 142 3
142 797 92
797 594 14
594 939 48
939 1232 88
1232 1479 45
1479 190 32
190 1789 39
1789 623 22
623 1265 93
1265 1946 25
1946 867 42
867 1368 77
1368 1830 78
1830 1868 70
1868 369 46
369 1210 21
1210 483 87
483 1723 94
1723 1972 41
1972 406 55
406 542 41
542 1548 95
1548 1890 46
1890 1594 73
1594 1322 22
1322 75 17
75 581 28
581 116 45
116 1650 78
1650 836 45
836 60 77
60 47 53
47 1124 3
1124 1072 44
1072 1364 63
1364 1562 33
1562 1475 72
1475 1537 87
1537 697 100
697 1680 82
1680 1487 50
1487 1056 48
1056 1764 67
1764 409 84
409 1239 93
1239 458 25
458 104 71
104 83 57
83 215 78
215 1547 79
1547 1452 82
1452 1389 8
1389 692 62
692 559 28
559 1249 38
1249 1788 15
1788 229 51
229 1372 22
1372 526 100
526 496 50
496 1316 56
1316 885 76
885 235 23
235 1882 3
1882 250 34
250 1461 78
1461 500 53
500 1673 37
1673 1340 29
1340 1591 72
1591 1578 22
1578 1248 35
1248 1499 94
1499 1285 81
1285 103 67
103 1070 5
1070 1791 38
1791 582 31
582 1456 51
1456 575 72
575 1080 9
1080 236 4
236 1216 40
1216 81 88
81 397 52
397 861 53
861 1933 65
1933 529 57
529 1477 9
1477 400 10
400 1109 9
1109 946 17
946 319 91
319 1919 87
1919 1895 32
1895 1727 9
1727 654 52
654 911 24
911 135 95
135 1320 71
1320 318 80
318 835 67
835 1879 48
1879 1974 90
1974 465 77
465 1326 61
1326 1190 21
1190 1885 67
1885 740 8
740 1913 47
1913 681 78
681 1082 87
1082 1659 20
1659 502 75
502 506 75
506 442 88
442 477 90
477 1666 15
1666 224 79
224 134 52
134 1516 33
1516 1866 68
1866 1115 28
1115 878 87
878 1158 94
1158 412 90
412 1517 75
1517 1524 76
1524 1837 33
1837 775 19
775 378 9
378 1005 8
1005 238 41
238 2000 87
2000 1492 97
1492 1408 90
1408 783 98
783 684 74
684 1074 7
1074 778 59
778 1140 18
1140 1981 98
1981 1120 89
1120 185 72
185 1579 65
1579 332 24
332 941 21
941 1183 12
1183 159 57
159 1937 34
1937 647 84
647 1401 76
1401 66 88
66 1696 24
1696 1567 35
1567 1338 17
1338 1240 66
1240 1806 79
1806 208 87
208 795 43
795 809 68
809 1350 6
1350 346 24
346 1399 56
1399 1166 86
1166 89 74
89 348 28
348 1270 71
1270 848 31
848 1561 39
1561 1255 69
1255 817 40
817 1159 22
1159 1881 11
1881 899 51
899 1192 45
1192 1282 87
1282 416 5
416 1200 22
1200 1732 2
1732 1514 2
1514 1859 34
1859 260 11
260 1215 56
1215 1257 93
1257 984 87
984 137 59
137 1947 5
1947 1046 48
1046 1959 40
1959 1785 81
1785 285 2
285 1007 29
1007 178 47
178 969 42
969 385 82
385 1658 16
1658 173 66
173 1405 30
1405 1112 14
1112 411 54
411 1286 50
1286 186 33
186 1172 67
1172 640 74
640 1628 31
1628 1207 93
1207 113 53
113 1757 63
1757 169 11
169 1025 28
1025 963 50
963 441 66
441 1119 37
1119 1505 41
1505 1013 86
1013 573 75
573 983 24
983 1726 61
1726 460 41
460 1897 35
1897 218 32
218 707 11
707 1835 31
1835 735 47
735 624 15
624 642 44
642 936 83
936 390 76
390 967 29
967 578 71
578 233 20
233 491 42
491 882 6
882 1667 62
1667 992 79
992 1649 81
1649 1035 82
1035 1844 37
1844 900 74
900 440 40
440 1424 74
1424 1467 91
1467 1749 54
1749 67 77
67 1406 81
1406 1213 91
1213 115 63
115 268 76
268 1746 40
1746 1855 52
1855 1178 100
1178 566 29
566 1609 50
1609 629 8
629 237 1
237 1319 1
1319 1503 94
1503 314 67
314 1204 17
1204 520 58
520 1767 10
1767 364 19
364 326 82
326 422 75
422 1604 13
1604 1975 89
1975 1531 45
1531 1943 58
1943 947 85
947 570 10
570 1929 52
1929 71 21
71 1476 14
1476 151 13
151 562 82
562 161 84
161 1620 18
1620 124 100
124 276 95
276 45 24
45 1910 88
1910 1385 82
1385 1729 34
1729 1904 59
1904 1653 75
1653 1741 55
1741 1358 19
1358 1831 92
1831 216 86
216 942 99
942 717 37
717 990 42
990 170 58
170 399 71
399 1284 60
1284 1342 11
1342 48 52
48 122 78
122 361 27
361 1626 100
1626 1444 28
1444 1510 94
1510 563 7
563 601 5
601 147 26
147 1147 29
1147 220 9
220 1630 40
1630 1223 5
1223 870 40
870 1529 87
1529 1136 3
1136 1535 60
1535 183 70
183 1818 32
1818 154 82
154 1361 17
1361 1827 3
1827 1994 22
1994 295 16
295 1926 0
1926 392 100
392 838 72
838 567 30
567 1822 62
1822 1188 94
1188 893 4
893 93 58
93 355 66
355 456 35
456 1197 59
1197 30 99
30 1090 0
1090 446 32
446 466 61
466 789 67
789 1593 6
1593 209 78
209 1449 58
1449 1063 84
1063 430 33
430 1394 64
1394 884 12
884 51 91
51 1819 80
1819 866 40
866 821 9
821 1201 67
1201 1674 5
1674 379 26
379 1218 88
1218 349 21
349 873 7
873 1103 51
1103 1251 98
1251 1643 36
1643 1155 45
1155 1711 0
1711 1519 41
1519 790 3
790 43 41
43 382 89
382 833 33
833 1228 20
1228 1784 52
1784 1888 1
1888 333 10
333 628 36
628 336 42
336 938 25
938 950 42
950 1633 6
1633 1629 76
1629 770 71
770 98 30
98 700 20
700 1590 10
1590 732 58
732 26 13
26 1041 94
1041 749 46
749 407 23
407 1352 59
1352 1637 1
1637 766 94
766 1092 37
1092 1429 31
1429 301 3
301 917 91
917 536 49
536 271 64
271 1047 53
1047 1357 28
1357 4 7
4 1991 65
1991 1495 100
1495 204 27
204 957 22
957 1662 15
1662 1 38
1 572 62
572 1580 33
1580 592 88
592 1121 1
1121 1878 16
1878 1373 81
1373 750 48
750 1246 50
1246 627 80
627 1318 98
1318 1995 89
1995 1441 30
1441 979 49
979 1194 96
1194 73 41
73 297 2
297 1264 46
1264 1084 91
1084 1717 41
1717 1451 93
1451 1954 65
1954 699 58
699 1000 82
1000 282 66
282 1060 1
1060 850 73
850 1229 27
1229 1606 87
1606 1970 37
1970 553 23
553 598 99
598 1846 16
1846 95 88
95 1377 65
1377 1430 96
1430 1572 41
1572 981 67
981 221 70
221 515 18
515 1619 85
1619 1634 73
1634 444 98
444 1964 25
1964 1923 83
1923 831 33
831 74 41
74 667 39
667 804 34
804 1781 30
1781 36 65
36 645 93
645 828 64
828 1951 12
1951 968 20
968 1880 89
1880 1555 18
1555 1045 54
1045 1792 90
1792 1721 54
1721 1365 46
1365 1225 88
1225 1402 65
1402 763 84
763 1665 100
1665 801 4
801 925 14
925 600 40
600 1869 43
1869 634 58
634 1641 70
1641 1826 92
1826 112 94
112 934 83
934 257 20
257 139 28
139 625 46
625 1664 62
1664 1581 69
1581 434 69
434 272 10
272 1148 17
1148 525 71
525 1631 70
1631 944 92
944 571 21
571 1892 3
1892 125 68
125 1556 20
1556 1104 75
1104 798 41
798 1852 94
1852 1752 48
1752 6 59
6 1344 23
1344 618 30
618 622 76
622 1153 94
1153 683 29
683 42 48
42 561 51
561 1694 69
1694 1692 12
1692 469 86
469 22 10
22 1834 20
1834 1816 73
1816 1734 25
1734 1839 32
1839 1646 61
1646 742 95
742 356 94
356 1823 61
1823 1088 93
1088 1252 90
1252 1187 95
1187 1289 52
1289 1324 28
1324 1759 64
1759 1787 20
1787 201 99
201 1862 69
1862 1034 41
1034 1039 51
1039 457 69
457 1152 76
1152 522 55
522 737 41
737 389 2
389 868 62
868 1963 53
1963 819 96
819 5 31
5 1064 67
1064 1473 58
1473 1501 47
1501 62 51
62 706 100
706 507 3
507 922 49
922 856 36
856 1887 51
1887 1311 62
1311 232 87
232 844 58
844 1504 26
1504 511 16
511 923 38
923 1532 100
1532 1259 47
1259 1211 76
1211 1647 95
1647 1724 54
1724 100 36
100 1049 11
1049 420 66
420 9 74
9 1758 21
1758 1814 25
1814 1960 97
1960 1016 89
1016 1169 45
1169 569 21
569 481 73
481 1763 58
1763 912 99
912 653 19
653 1131 99
1131 736 20
736 741 2
741 87 45
87 1754 89
1754 1783 74
1783 1675 5
1675 1480 82
1480 486 21
486 1442 80
1442 1825 46
1825 926 89
926 316 77
316 1254 84
1254 1336 76
1336 1596 64
1596 280 36
280 614 39
614 604 28
604 919 42
919 1491 89
1491 1896 97
1896 1267 81
1267 1412 75
1412 1114 18
1114 1474 57
1474 1939 87
1939 880 23
880 212 17
212 860 14
860 1761 10
1761 929 74
929 799 28
799 1129 31
1129 587 23
587 1984 7
1984 1582 44
1582 863 31
863 1918 93
1918 1848 47
1848 935 29
935 1069 100
1069 1329 30
1329 955 14
955 181 31
181 1953 5
1953 709 48
709 1684 83
1684 902 83
902 1872 45
1872 1917 62
1917 872 12
872 851 41
851 1184 65
1184 1138 72
1138 1027 32
1027 165 61
165 275 15
275 1979 70
1615 1643 93
349 1818 61
112 1738 33
540 1432 22
353 994 86
23 371 67
61 244 48
14 1634 48
603 1979 98
494 994 76
755 1347 27
217 1195 30
1807 1918 35
958 1116 23
872 1973 3
91 1476 84
858 897 76
914 993 16
87 1124 51
2 903 4
582 1291 68
435 653 81
1504 1531 79
587 1468 70
1258 1698 18
174 966 64
995 1461 88
17 388 94
1412 1766 52
176 711 27
101 1900 10
323 1839 18
1030 1453 52
392 1666 18
1649 1724 80
765 860 79
341 685 41
248 1901 98
206 1457 57
42 1972 0
954 1899 58
119 1407 76
1496 1780 82
812 1342 88
1424 1840 35
1530 1598 91
446 1124 87
1221 1318 46
801 1170 98
886 1580 36
1631 1822 56
645 1064 73
1476 1592 41
162 486 13
447 706 92
110 252 46
219 320 47
132 870 36
1597 1858 29
239 1725 2
494 1923 97
603 1522 92
609 1017 72
990 1233 3
473 649 92
55 1890 100
995 1412 84
1124 1222 19
802 1491 45
946 1703 73
730 1317 92
568 1291 51
1334 1582 19
962 1219 64
10 1101 63
458 1526 75
1735 1922 44
1644 1881 99
308 1941 13
566 899 76
208 253 35
163 992 98
1189 1900 45
767 798 95
1166 1803 51
317 1742 56
477 1456 83
771 1313 21
785 1159 28
684 1094 71
52 324 13
1414 1924 21
27 1931 61
369 1307 4
757 1774 69
695 1573 8
1151 1604 27
32 1610 37
1466 1694 25
519 887 78
989 1698 1
777 1074 73
780 1709 88
1060 1982 21
1367 1887 69
691 903 38
32 470 85
1215 1710 70
1672 1673 16
570 1875 48
1236 1650 43
469 776 89
1328 1878 35
262 1793 37
231 1737 86
1687 1974 52
120 901 61
38 1669 40
1039 1266 46
268 840 4
835 1678 42
563 1073 6
1100 1114 41
1555 1635 82
831 1449 89
533 572 69
502 662 13
14 896 50
333 1767 84
1320 1475 43
1078 1372 9
193 1874 84
574 1511 69
946 1203 55
134 1822 89
1038 1759 100
852 1382 92
1021 1817 87
350 1220 85
522 1398 67
1601 1994 79
46 264 50
491 1297 37
478 479 95
738 1210 94
984 1810 42
1179 1364 18
1006 1717 17
152 1085 79
1242 1256 0
543 773 91
1351 1904 82
35 1487 35
193 1627 89
486 1830 6
1764 1972 93
498 1156 43
505 1794 63
754 1046 17
595 1129 81
102 581 23
692 820 59
1336 1725 13
15 1771 69
209 569 83
621 1971 15
1134 1648 49
1021 1382 75
87 1327 47
958 1177 90
1741 1883 65
1245 1638 41
137 1854 81
1534 1637 64
944 1994 5
1513 1756 28
498 1282 42
1791 1968 100
627 790 66
1550 1651 94
654 1941 3
746 1478 39
211 1882 44
352 926 85
1866 1945 89
90 1044 66
253 870 68
908 1756 44
71 981 75
1149 1958 15
290 1437 13
828 1890 60
778 1035 11
600 1930 13
1011 1852 61
180 1776 35
185 761 90
61 364 37
675 1167 86
225 248 63
1127 1892 15
184 1143 53
453 810 33
274 410 73
912 1315 24
965 1037 88
618 789 19
418 638 3
1440 1492 13
1361 1549 22
1489 1534 70
479 1695 1
32 1417 43
619 1969 59
356 1049 26
1274 1584 3
1329 1815 67
384 611 55
311 1200 12
55 109 82
1289 1489 97
985 1492 92
271 1947 94
506 1310 93
575 1668 33
1594 1771 72
1052 1221 83
1241 1360 13
183 517 97
1396 1937 14
459 1852 13
1183 1551 39
1014 1493 83
139 1276 42
22 770 47
1632 1854 37
525 1236 99
322 905 84
1151 1911 42
65 919 78
665 969 76
853 1342 28
152 1368 22
742 1135 8
13 1884 94
740 764 89
573 1652 58
245 673 85
870 1408 80
943 1802 70
590 1435 26
142 1026 61
1168 1538 43
109 1212 31
180 1437 54
231 1643 75
80 1896 17
859 1086 83
1367 1619 19
1090 1657 33
753 773 82
981 1578 30
471 758 76
1079 1408 59
599 789 53
724 1651 3
950 1842 91
1161 1587 44
317 704 96
210 529 5
1152 1699 10
175 1011 65
549 654 36
448 788 7
303 1800 19
1442 1993 24
1107 1605 55
648 1721 0
666 932 60
756 1145 47
386 1171 95
364 1772 28
8 804 41
846 1792 75
41 265 40
1417 1518 69
624 1895 89
593 885 35
11 980 96
337 1208 10
183 923 72
1365 1436 85
1423 1439 66
609 1780 68
61 1975 79
440 851 21
191 382 4
316 652 91
398 604 90
1706 1968 83
794 1817 34
380 656 100
881 885 92
715 871 41
15 191 75
1345 1624 10
1409 1540 3
1185 1863 62
1046 1764 6
1419 1791 64
319 1648 73
1020 1779 1
269 1650 86
889 1225 77
60 756 42
886 1541 48
1828 1892 65
643 1188 44
253 1657 43
273 435 88
362 1856 93
605 1663 88
1196 1609 68
151 1074 53
236 1819 79
322 1219 76
1730 1760 15
660 926 52
1086 1986 94
39 1910 6
230 911 14
7 1006 28
1392 1959 50
1185 1501 72
1087 1950 9
1115 1957 41
686 1402 37
1518 1920 6
476 1651 27
1406 1995 93
31 275 76
211 910 30
484 597 71
1231 1575 46
1124 1129 65
68 721 16
507 1998 19
522 541 30
393 705 43
14 257 68
944 1738 74
196 930 25
979 1994 41
85 1223 25
812 1544 30
231 1541 96
1697 1936 79
348 1169 9
279 1492 26
1815 1891 80
83 1123 92
1859 1961 30
1352 1431 2
60 1162 16
333 1226 18
530 1141 49
95 983 20
1067 1886 26
349 1735 42
943 1578 26
693 1213 90
863 1112 69
769 912 75
93 722 74
988 1998 7
1005 1112 76
274 680 46
1828 1849 14
1396 1749 27
1515 1768 88
266 676 61
765 927 14
462 1244 99
765 1418 54
1087 1126 44
42 1041 72
208 883 80
1419 1777 80
1563 1706 3
231 1840 18
540 1909 85
1585 1803 58
485 1191 43
798 1100 27
71 224 69
249 1770 0
187 1742 92
1398 1582 34
261 588 72
205 704 92
523 1438 71
992 1877 70
1009 1233 37
585 1109 11
51 1681 14
1371 1929 98
1136 1821 85
221 738 48
505 1525 47
1926 1936 63
312 1083 81
720 972 40
755 1253 38
33 186 63
3 103 82
204 646 41
136 523 36
1447 1700 15
46 864 11
1454 1827 40
297 487 28
471 1808 54
349 1712 4
707 1106 88
1722 1757 40
330 1718 72
495 1651 30
47 1623 25
468 1276 1
498 809 54
1279 1616 51
588 1851 96
308 602 66
521 1177 12
452 1531 68
607 1660 34
691 1238 46
1313 1391 91
278 973 17
695 1606 70
504 1735 91
31 1564 92
123 807 99
436 535 0
660 1557 0
1042 1454 33
322 1487 70
513 802 71
1428 1462 57
1037 1927 68
638 983 71
331 873 34
348 1863 13
605 1640 66
383 1450 51
957 1493 57
491 1710 39
110 479 47
763 1691 81
9 114 76
398 1487 33
572 1323 56
736 998 38
110 667 71
850 1925 56
59 1531 67
835 843 80
166 686 47
243 1729 6
231 474 66
385 640 83
544 786 73
359 795 89
1255 1743 70
843 1615 9
1740 1835 29
256 317 39
946 1026 86
191 691 11
1685 1977 69
691 915 56
144 922 13
452 1519 85
560 751 45
864 1577 22
626 762 53
6 818 69
1486 1661 22
146 1775 5
631 1665 14
329 1961 99
73 1600 2
339 1491 64
92 1389 60
162 695 80
307 1042 88
615 1849 85
776 1067 97
715 1347 36
1157 1212 45
823 1517 32
862 1548 33
1568 1629 72
471 1912 91
358 735 26
666 1843 71
1378 1733 27
1016 1988 35
988 1263 9
421 673 70
671 1479 44
1639 1974 92
745 923 46
419 1386 49
176 996 24
1165 1179 45
943 1152 92
14 1383 2
826 1607 67
322 1650 31
359 502 63
1225 1713 55
1800 1812 42
854 1516 59
1778 1927 12
764 799 90
1598 1692 55
725 1643 39
265 1487 99
838 994 23
520 833 96
708 1113 35
482 1990 74
694 1560 73
306 929 18
188 534 88
262 1746 95
1268 1352 1
772 1968 51
484 1645 28
423 1749 77
339 1637 79
898 1988 51
1037 1776 63
1228 1667 34
445 591 76
188 361 39
1297 1326 54
1131 1731 40
714 1843 94
1822 1947 76
1326 1858 2
307 1462 56
340 1280 75
1086 1855 76
1219 1378 12
847 861 86
1587 1707 44
696 1530 31
346 751 31
819 842 18
27 87 53
343 975 11
134 1908 40
778 1838 11
934 967 32
378 781 79
777 1913 40
353 1058 79
470 1180 5
650 1413 90
71 1784 11
621 1597 29
1233 1423 70
1571 1997 10
120 181 80
900 1792 56
466 1342 45
937 1000 76
1097 1421 100
357 1185 35
887 1258 43
379 1374 23
1425 1631 93
857 1818 87
659 1887 92
1219 1588 37
533 735 0
943 1559 13
45 1304 48
1478 1981 77
372 881 71
555 1737 4
249 1652 79
547 873 34
221 1246 52
791 1763 19
754 1134 25
329 1122 89
354 783 62
680 1288 96
1038 1520 98
1286 1999 63
981 1114 52
1433 1877 45
813 1744 22
1809 1870 28
891 1999 98
260 1538 58
1806 1863 61
353 441 98
1444 1472 72
1058 1065 53
38 1325 14
892 1623 90
950 1744 51
551 552 23
771 1630 54
1387 1772 17
972 1985 98
907 909 58
20 973 47
135 260 43
214 1078 80
1885 1921 5
113 926 43
94 574 89
358 1657 39
872 1744 11
849 1269 20
352 934 94
858 1191 93
210 950 84
1572 1708 59
1563 1609 6
35 1495 3
504 901 56
878 961 30
1467 1787 58
164 334 59
156 381 90
507 1029 68
130 1118 12
1386 1459 7
872 1255 41
1497 1518 85
145 255 27
941 1425 61
309 1079 58
924 1393 32
603 931 84
954 1620 67
725 1438 8
146 1754 63
1255 1879 9
819 1220 36
761 804 93
294 935 17
51 1708 93
1368 1441 29
612 1176 42
725 1530 2
696 989 7
23 758 51
263 1184 60
80 1531 17
527 609 40
62 1045 65
1758 1873 24
982 1928 81
427 1868 85
1186 1597 51
1505 1946 41
62 157 79
1112 1227 97
63 1361 31
475 1563 12
961 1431 40
244 1700 45
356 920 32
1358 1646 47
1198 1562 46
346 1560 86
1202 1344 3
849 1322 4
316 962 19
81 326 90
101 788 99
1771 1895 26
1200 1566 3
725 1102 71
719 1369 8
279 1877 21
1290 1955 86
331 572 36
458 1128 27
923 1137 45
860 1462 69
1250 1480 44
1378 1943 5
436 1520 55
385 1652 52
1666 1719 14
1259 1342 78
577 1671 32
1184 1879 73
965 1161 88
624 983 64
464 709 68
4 583 31
436 1643 47
142 938 0
399 1698 5
511 616 83
351 1958 4
533 580 85
219 1553 4
170 1478 18
28 1798 88
816 853 26
1234 1498 93
546 893 29
457 1330 93
524 863 93
787 1738 63
315 1964 82
435 648 40
495 918 78
291 1019 87
1025 1443 46
1042 1472 35
189 1478 64
906 1623 76
866 1022 74
15 1363 92
161 1051 44
755 828 94
1025 1777 78
1602 1932 20
189 1441 5
101 1005 12
1378 1442 43
339 463 48
235 1151 94
957 1942 1
943 1648 3
831 877 73
316 1199 47
797 1726 86
191 305 65
737 981 64
243 1261 51
1460 1722 64
430 1399 31
1643 1847 60
1347 1558 61
1848 1966 64
603 897 16
509 1977 11
433 950 17
1169 1613 66
1364 1969 68
151 1680 43
1213 1925 32
1309 1782 34
741 1052 14
26 672 98
752 1154 2
205 834 42
667 801 81
353 936 92
286 507 100
133 669 58
1036 1219 64
115 399 46
377 967 15
343 770 40
147 1250 71
697 834 16
403 1505 87
1105 1524 71
287 694 88
49 811 65
240 1598 31
696 908 48
291 897 45
674 1077 3
817 1964 45
1289 1757 75
689 1139 79
1824 1919 48
1698 1838 67
1260 1879 81
1120 1886 61
622 1460 48
1207 1247 62
1215 1945 64
557 1736 17
534 940 70
213 1729 94
1042 1894 25
216 376 40
1174 1338 73
93 1125 46
414 1240 1
1229 1370 93
1397 1721 65
839 1029 78
729 1408 100
911 995 48
284 1332 15
961 1275 27
18 432 12
284 942 39
1143 1981 19
277 1717 84
365 1290 100
734 1261 55
474 924 26
1008 1566 17
401 468 22
332 1394 29
1125 1936 46
1550 1796 46
149 1959 69
868 1522 69
916 1490 90
1066 1937 98
372 1075 6
338 523 75
1941 1983 81
857 1187 6
558 971 84
1698 1791 84
300 490 57
25 1182 62
1401 1448 82
89 974 60
1567 1820 15
959 1752 57
319 1757 59
186 908 35
310 1289 78
328 1699 22
406 1550 66
1123 1858 14
86 1180 14
581 1049 87
1241 1901 84
510 1630 80
45 317 24
335 1864 98
1234 1556 53
35 377 60
784 1999 26
1232 1875 4
505 931 69
623 819 42
56 1594 0
405 1626 1
173 1440 92
538 1542 29
938 1253 17
619 695 82
226 806 33
1382 1947 32
189 297 78
1126 1840 11
341 1179 22
509 909 13
5 652 98
455 832 63
1116 1195 56
158 580 49
628 846 9
1454 1971 6
561 1560 100
32 1815 51
1235 1429 30
47 736 73
1547 1990 37
92 990 95
950 1133 36
92 180 16
588 966 26
215 1020 97
284 1566 61
753 1946 11
445 1392 69
1457 1894 91
1500 1737 58
453 536 70
1213 1999 49
912 1904 75
965 1265 11
788 1470 43
297 837 83
1432 1507 64
1480 1991 22
531 1235 87
924 1569 21
605 1731 40
496 1445 29
523 1810 27
1157 1234 22
248 1441 11
1330 1986 57
432 482 53
846 1329 27
920 1369 66
296 1027 64
721 740 72
1593 1918 63
22 894 69
918 1890 18
591 1502 72
471 1054 99
316 1461 84
526 782 87
1040 1879 89
204 1666 2
368 1512 4
1183 1637 71
1250 1291 11
428 489 62
337 1951 57
871 1109 25
985 1742 44
54 279 70
90 555 75
274 1046 95
514 1681 51
993 1256 94
1191 1364 31
584 1687 11
884 1222 34
1352 1469 85
395 964 95
1203 1902 85
453 663 89
141 1994 27
1004 1522 55
1748 1864 31
1256 1499 68
569 1719 82
784 1167 57
327 564 46
506 1226 30
511 719 26
59 1017 64
1064 1307 41
1306 1547 24
1628 1984 10
136 1068 11
465 1681 17
709 882 60
567 1701 57
20 1976 24
454 990 51
1180 1962 42
942 1661 48
781 1159 79
491 969 84
757 1771 100
422 1274 8
1618 1708 42
367 1464 87
1126 1181 49
841 1348 52
210 547 81
266 581 72
566 1748 28
1284 1430 25
1162 1403 75
771 1308 33
334 1736 93
169 1634 76
1094 1159 35
438 996 8
1398 1418 8
529 1810 56
1424 1449 93
1011 1829 69
303 1686 8
1643 1806 62
1214 1577 27
605 648 20
158 1618 76
144 1762 54
459 598 30
1353 1924 16
529 1734 81
131 1599 87
594 712 31
238 268 60
364 1906 65
1577 1699 7
1029 1144 79
966 1021 67
179 1391 10
290 448 8
731 1231 68
1191 1575 6
661 1209 85
341 1183 66
1891 1994 68
1332 1709 16
1259 1769 53
54 1544 28
459 581 100
1251 1771 65
1221 1711 45
980 1544 26
1766 1879 33
326 531 74
515 1108 23
715 974 68
186 1509 1
1236 1474 12
947 1877 82
42 1164 20
586 952 94
530 1314 52
61 495 97
168 1675 73
118 716 46
785 883 18
929 1992 7
1469 1935 85
843 1707 50
438 1323 33
283 660 40
1443 1481 95
142 272 15
80 835 82
489 1010 0
1785 1914 44
275 546 36
32 71 85
377 1293 30
314 519 80
113 1628 47
974 1375 69
1616 1788 1
489 1578 15
240 639 80
295 941 55
5 531 24
11 522 31
63 1645 59
279 1012 13
1487 1536 100
627 1816 49
1540 1842 2
1399 1732 13
709 1164 18
8 1808 51
1179 1970 86
45 1823 29
1387 1962 75
1678 1723 44
535 1580 13
591 1313 35
228 520 39
400 1548 35
1015 1457 84
690 1813 63
1534 1895 10
208 1703 4
1446 1819 41
30 1611 75
73 78 81
85 405 41
131 1555 95
323 800 89
910 1321 16
1289 1610 40
12 1564 15
204 714 4
632 1373 90
2 1530 20
650 1590 5
83 1993 8
134 1236 25
1342 1769 85
760 1073 54
738 949 17
1317 1966 71
825 1055 46
673 683 80
384 686 43
1263 1571 42
575 1443 63
535 1241 99
148 636 91
79 1485 94
1910 1989 41
844 1189 95
676 757 62
220 987 35
1133 1810 37
1417 1637 76
1528 1669 85
118 1696 21
335 1203 6
973 1032 26
610 758 5
327 780 71
445 886 99
711 1927 40
998 1081 59
556 1565 6
862 1940 95
1308 1821 12
6 1700 49
321 1434 72
320 1143 9
321 1005 77
1700 1799 68
877 905 69
980 1031 81
757 1632 6
119 1200 55
180 525 60
873 1519 48
729 1066 73
939 1287 97
474 1094 46
1079 1591 60
77 1480 68
193 1437 24
476 1160 24
675 1378 32
804 839 41
292 1782 53
1425 1587 44
100 320 1
307 1857 3
34 1130 54
506 719 57
53 1582 27
354 1241 10
373 1406 81
824 991 42
909 1269 79
1088 1845 65
355 698 5
251 1910 97
169 636 79
538 1572 97
255 1082 7
1 62 7
429 1388 87
828 881 68
974 1653 64
249 632 94
1519 1849 23
283 1306 90
864 1437 40
217 607 71
882 1437 42
927 942 83
409 451 34
1124 1917 90
1009 1372 23
240 977 32
643 1165 41
1020 1024 37
123 894 52
550 1889 37
44 269 99
735 1415 50
16 1575 43
1171 1747 48
819 1278 55
776 1785 64
185 808 38
1258 1658 71
473 916 58
705 733 84
208 998 66
162 163 73
1770 1784 48
216 1378 6
108 133 40
83 1370 31
785 1356 43
108 1297 60
735 1874 14
155 1197 47
197 334 54
735 1403 11
1599 1727 43
624 1643 95
253 1246 80
1302 1888 16
3 1506 36
427 1550 71
973 1909 13
487 1498 83
830 1103 44
914 1922 96
778 1519 4
946 1278 34
1002 1766 74
1129 1338 62
977 1098 79
564 1728 33
600 1728 2
71 185 42
1190 1656 59
107 1699 35
1241 1486 7
1340 1592 30
538 1775 88
704 1880 16
723 1956 38
184 1324 10
754 1447 82
436 1968 49
919 1980 1
1031 1121 4
354 1315 60
358 602 35
1087 1124 2
1420 1441 78
775 807 30
122 1799 69
49 1205 80
1050 1389 93
104 302 24
307 1082 30
30 979 70
257 1629 36
6 1925 91
56 1491 1
702 1804 24
483 1708 51
262 1334 20
580 1836 72
122 1314 61
183 1478 13
246 1853 88
1228 1780 30
350 1991 27
177 988 55
1568 1823 58
641 1416 40
260 393 50
1065 1369 26
1216 1870 9
261 444 3
666 1872 58
442 748 3
1563 1630 40
132 709 49
522 756 79
939 1244 91
714 928 70
578 602 68
488 1259 69
1566 1933 29
153 493 34
637 892 67
288 656 88
303 605 85
15 473 80
315 1371 56
712 834 82
317 1454 14
962 1893 49
292 1081 6
126 1993 8
506 1445 35
724 1471 100
193 1774 52
213 989 6
59 1378 87
997 1975 82
718 995 72
1496 1862 86
328 1585 66
16 1381 66
630 980 88
1181 1460 31
882 1978 30
257 1423 78
1932 1999 19
308 921 55
7 886 7
53 1076 73
859 1364 91
926 1222 40
64 1267 51
157 399 78
432 1792 82
40 499 49
427 801 49
373 1206 54
157 869 38
549 612 2
1132 1804 81
173 1507 77
1057 1101 44
804 1124 31
1641 1661 71
376 1436 1
693 1206 61
1057 1953 62
76 696 11
842 881 71
674 961 14
1034 1453 11
74 1892 97
915 1173 66
1195 1223 36
589 1586 94
109 1144 81
1334 1841 82
510 933 79
472 1431 23
557 1165 92
454 1898 75
844 1654 70
103 1388 10
997 1522 2
150 883 44
198 904 72
762 1117 97
527 1342 75
289 1362 55
799 1370 92
236 316 74
1393 1649 61
1306 1422 45
704 1820 15
840 1134 47
1041 1055 21
1296 1960 5
613 1718 45
1236 1559 12
179 778 85
65 405 36
91 319 7
1029 1879 93
658 890 14
161 1326 49
1122 1281 43
566 623 15
276 769 95
318 1241 61
73 1000 39
393 1892 82
538 1656 44
714 1030 87
1147 1850 41
261 573 55
1262 1668 91
256 912 1
1086 1306 72
507 1782 27
574 1544 5
1623 1715 11
1793 1943 29
1409 1410 24
1096 1134 74
106 463 66
279 373 10
912 1650 49
1035 1686 0
1147 1915 9
74 168 80
456 546 5
1139 1573 19
664 1736 8
484 1807 67
411 794 29
1545 1706 3
144 1693 21
414 1825 76
97 176 86
366 763 51
1250 1540 16
636 1469 76
1715 1888 99
286 1488 51
194 1211 10
1388 1657 24
457 1017 79
132 460 88
1759 1990 50
301 1848 97
1593 1725 84
33 1574 70
692 1623 7
527 1041 2
103 1440 81
1357 1774 69
24 207 66
982 1877 53
669 1302 38
613 1847 12
342 793 13
332 1854 100
424 1432 64
292 867 63
183 242 59
516 1247 79
406 500 4
721 1837 11
534 1236 81
767 1140 26
522 1808 55
118 1484 36
243 1135 10
615 955 73
304 1878 31
65 1947 84
624 1035 54
741 816 88
14 1257 23
1203 1954 45
135 557 82
462 485 68
38 1202 57
327 707 8
1103 1497 50
367 579 39
820 1490 80
559 712 42
1551 1813 95
1142 1520 42
1762 1913 59
1438 1627 52
471 1467 53
996 1110 35
1600 1950 38
232 1116 19
583 1062 32
216 410 46
899 1184 67
29 1589 42
800 1666 27
1255 1974 79
752 1720 89
404 1263 77
876 1020 81
563 972 8
93 474 26
623 882 57
566 694 14
534 917 52
541 1692 17
816 1261 83
128 500 20
154 853 67
1681 1872 8
163 1661 96
1086 1223 80
1597 1754 99
82 1701 60
370 1576 11
102 1447 37
942 1607 36
1066 1126 95
188 1704 95
6 421 80
631 1418 74
80 99 85
22 916 9
942 1075 60
460 1630 94
962 1025 89
49 873 98
26 747 86
348 1210 41
784 994 92
997 1861 34
2 1985 77
1234 1265 6
885 1708 68
8 1460 88
248 653 4
623 829 84
63 804 89
896 1786 18
209 1222 92
622 1734 60
35 1504 73
1120 1614 23
319 1334 97
862 1987 54
153 818 9
760 1404 62
1296 1565 11
179 1963 40
124 545 42
66 972 14
1405 1900 97
1141 1702 68
1311 1515 95
